582
grain
,000,09,10,1985,1986,1987,25,87,agriculture,corn,crop,department,dlrs,ec,export,exports,farm,farmers,grain,imports,maize,market,mln,nil,pct,price,prices,production,program,report,rice,said,soviet,tonnes,total,trade,usda,week,wheat,year
0,0,0,0,0,0,0,0,0,1,0,0,1,0,0,0,0,0,2,0,0,0,0,0,0,0,0,0,0,1,1,0,2,0,0,0,0,1,0,3,0
1,1,0,0,0,0,0,0,0,0,0,0,0,0,0,1,0,0,0,0,0,0,0,0,0,0,0,0,0,0,0,0,1,0,1,0,0,0,0,2,0
2,0,0,0,0,0,0,0,0,2,1,0,0,0,0,1,0,0,0,2,0,0,0,1,0,0,2,4,0,1,0,0,3,3,1,0,0,0,0,7,0
3,0,0,1,0,0,0,0,0,0,0,0,0,0,0,1,0,0,0,1,0,0,0,0,0,0,0,0,0,0,0,0,1,0,1,0,0,0,0,0,0
4,0,0,0,0,0,0,0,0,0,0,0,0,0,0,0,0,0,0,6,0,0,0,0,0,0,0,0,0,0,0,0,1,0,0,0,1,0,0,0,0
5,0,20,0,5,6,0,0,26,1,0,0,1,0,0,0,5,0,0,0,5,0,0,1,0,0,0,0,5,0,0,0,0,0,0,5,0,0,0,1,0
6,0,0,0,0,0,0,0,0,0,0,0,0,0,0,0,0,0,0,2,0,0,0,0,0,0,0,0,0,0,0,0,0,0,0,0,0,0,0,0,0
7,2,0,0,0,0,0,1,0,0,3,0,0,0,0,1,0,0,0,0,0,0,0,0,0,0,0,0,0,0,0,0,2,0,2,0,0,0,0,0,0
8,1,0,0,1,2,3,1,0,0,0,3,2,0,0,0,0,0,0,0,0,0,0,12,0,0,0,1,1,0,0,5,11,0,2,1,0,0,0,2,1
9,0,0,2,0,0,0,0,0,1,3,2,1,1,0,0,0,1,2,2,0,0,0,1,0,0,0,2,1,4,0,0,2,0,0,1,1,2,1,0,0
10,0,0,3,4,4,0,0,4,1,0,2,1,0,0,0,0,0,0,2,4,0,0,16,0,0,0,0,2,0,0,0,0,4,16,0,0,2,0,3,0
11,0,0,0,0,2,0,1,3,1,1,2,1,0,0,0,0,0,0,9,2,0,0,9,0,0,0,0,0,0,1,0,7,7,9,1,1,8,0,2,0
12,0,0,0,1,2,0,0,2,0,0,0,0,5,0,1,0,0,0,1,0,0,0,11,0,5,0,0,0,0,0,0,8,0,2,1,0,0,0,0,5
13,0,0,0,0,0,0,0,0,0,0,0,0,0,0,0,0,0,0,2,0,0,0,0,0,0,0,0,0,0,0,0,0,0,0,0,0,0,0,0,0
14,2,0,0,0,1,0,0,0,1,0,0,3,1,0,2,0,0,0,0,0,0,0,0,0,0,0,0,0,1,0,0,3,0,2,0,0,0,0,0,0
15,6,0,0,0,0,1,0,0,1,0,0,1,1,0,2,0,0,0,2,0,0,0,0,0,0,0,0,0,1,0,0,1,0,6,0,0,1,0,4,0
16,3,0,0,1,4,3,0,0,1,0,0,0,0,0,0,0,0,0,0,2,0,0,2,0,5,0,0,0,0,1,0,3,0,3,0,0,0,0,3,0
17,0,0,0,0,0,0,0,0,0,1,2,0,0,0,0,0,0,0,0,0,0,0,0,0,3,0,0,0,0,2,0,1,0,0,0,0,1,1,1,0
18,0,0,0,1,0,0,0,0,0,4,0,1,0,0,0,0,0,0,0,1,0,0,0,0,0,0,1,1,0,0,0,1,0,0,0,1,0,0,0,1
19,0,0,0,0,0,0,0,0,1,3,0,1,0,0,1,0,0,0,3,0,0,0,1,0,0,0,0,0,0,1,0,0,1,6,1,0,1,2,2,3
20,2,0,0,0,0,0,0,0,0,0,0,0,2,0,1,0,0,0,4,0,0,1,0,0,0,0,0,0,0,0,0,11,0,0,0,0,0,0,10,0
21,0,0,0,0,0,0,0,0,0,13,0,0,0,0,1,0,5,1,1,1,0,0,0,0,0,0,4,0,1,0,0,5,0,0,0,0,0,0,0,0
22,0,0,0,1,1,0,0,1,1,5,0,2,0,0,0,0,0,0,0,5,0,0,5,0,0,0,1,1,0,1,0,3,0,5,4,1,1,0,0,1
23,0,0,0,0,2,0,1,1,0,0,3,0,0,0,0,0,0,0,0,0,0,0,5,0,1,0,0,0,0,0,3,4,0,1,1,0,0,0,0,3
24,0,0,0,0,0,0,0,0,1,0,0,0,0,5,0,0,1,1,0,0,0,0,0,0,1,1,2,0,0,0,0,4,0,0,0,0,0,0,0,0
25,0,0,0,3,1,0,0,1,0,0,0,0,0,1,0,3,0,0,0,1,0,0,4,0,1,0,0,0,0,0,0,2,0,8,0,0,0,0,3,2
26,2,0,0,0,0,0,0,0,0,2,0,0,2,0,1,0,0,0,0,0,0,0,0,0,1,0,1,0,0,0,0,2,0,2,0,0,0,0,0,0
27,2,0,0,0,2,0,0,2,0,2,0,0,0,0,0,0,0,0,0,0,0,0,0,0,0,0,0,0,0,2,0,0,0,2,0,0,0,0,0,0
28,1,0,0,0,1,0,0,0,0,0,0,0,0,0,1,0,0,0,2,0,2,0,0,10,0,0,0,0,0,0,0,0,0,2,0,0,0,4,2,2
29,2,0,0,0,2,0,0,2,0,2,0,0,0,0,0,0,0,0,0,0,0,0,0,0,0,0,0,0,0,2,0,0,0,2,0,0,0,0,0,0
30,6,0,0,0,0,1,0,0,0,5,0,0,0,0,1,0,0,0,0,0,0,1,2,0,1,1,0,0,0,0,0,4,2,4,1,2,0,2,0,0
31,0,0,0,0,0,0,0,0,0,2,0,0,0,0,0,0,0,0,0,0,0,0,1,0,0,0,0,0,0,0,0,1,0,1,0,2,0,0,0,0
32,1,1,0,0,0,0,0,0,0,0,0,0,0,0,0,3,0,0,0,0,0,0,3,0,0,0,0,0,0,0,0,1,0,6,0,0,0,0,4,0
33,2,0,0,0,0,2,0,0,0,0,0,0,0,0,0,0,0,0,0,0,0,0,0,0,0,0,0,0,0,2,0,0,0,2,0,0,0,0,2,0
34,0,0,0,0,0,1,0,0,4,0,0,0,6,0,1,0,5,1,1,0,0,0,2,0,2,1,1,0,6,0,0,14,0,0,0,0,1,1,3,3
35,3,0,0,0,0,0,1,0,0,0,0,0,0,0,2,0,0,0,0,0,2,1,0,0,0,0,0,0,0,0,0,2,0,4,0,0,0,0,4,0
36,0,0,0,1,2,0,0,0,1,8,2,4,9,0,0,0,0,2,0,0,0,2,4,0,3,4,2,0,0,0,0,8,0,0,0,0,1,0,0,2
37,2,0,0,0,0,0,0,0,0,0,2,0,0,0,0,0,0,0,0,0,0,1,0,0,0,0,0,0,0,0,0,4,0,2,0,0,0,0,2,1
38,6,0,0,0,0,0,0,0,1,0,0,0,0,1,0,0,0,0,0,0,0,5,0,0,0,0,1,0,0,0,0,5,0,6,0,0,0,3,5,1
39,0,0,0,0,0,0,0,0,0,3,0,0,0,0,0,0,0,0,0,1,0,0,0,0,0,0,0,0,0,0,0,3,0,0,0,3,0,1,0,0
40,9,0,0,0,0,0,3,0,0,0,0,0,0,0,0,2,0,0,0,0,1,0,0,0,1,0,0,0,0,0,0,1,3,7,0,1,0,0,12,1
41,0,0,0,0,1,0,0,0,0,6,0,0,1,0,0,2,1,0,0,3,0,2,0,0,2,0,0,0,0,0,0,3,0,0,0,0,0,2,0,0
42,0,0,2,1,2,1,0,0,1,1,0,0,0,0,0,0,0,0,7,1,0,0,8,0,0,1,0,1,0,0,1,3,0,4,0,0,0,0,0,1
43,1,0,0,0,0,0,0,0,0,0,0,0,0,1,0,0,0,0,0,0,0,3,0,0,0,0,0,0,0,0,0,0,0,1,0,0,0,0,5,0
44,2,0,0,0,0,2,0,0,0,2,0,0,0,0,0,0,0,0,0,0,0,0,0,0,0,0,0,0,0,2,0,0,0,2,0,0,0,0,0,0
45,0,0,0,0,0,0,0,0,0,0,0,0,0,2,0,0,0,0,0,0,0,0,2,0,1,0,0,0,0,0,0,2,0,1,0,0,0,0,3,0
46,0,0,0,0,0,0,0,0,0,4,2,0,1,0,0,0,0,0,0,0,0,0,0,0,0,0,1,0,0,0,0,7,0,0,0,1,0,3,0,0
47,0,0,0,0,0,4,0,0,1,2,0,1,0,0,0,0,0,3,0,0,0,0,0,0,5,0,0,0,9,1,0,5,0,0,1,0,4,2,0,1
48,0,0,0,0,0,0,2,0,1,0,9,1,0,0,0,0,0,1,6,0,0,1,2,0,3,0,0,0,0,0,0,16,9,1,1,0,2,0,0,2
49,0,0,1,0,0,0,0,0,1,0,0,0,2,0,0,0,0,0,0,0,4,0,0,0,1,7,0,0,0,0,0,2,0,0,0,0,0,1,0,0
50,0,0,0,0,0,0,0,0,1,4,2,0,0,0,0,0,0,4,0,0,0,0,0,0,0,0,0,1,4,0,0,3,0,0,0,0,1,0,0,0
51,0,0,2,0,0,0,1,0,0,6,0,0,0,0,0,0,0,0,2,0,0,0,0,0,1,1,0,0,0,0,0,1,0,0,0,0,1,1,1,0
52,3,0,0,0,0,1,0,0,1,8,0,4,2,3,2,2,0,0,0,0,0,0,0,0,0,2,0,1,0,1,0,5,0,3,0,1,2,0,0,1
53,0,0,0,0,0,0,0,0,0,2,0,0,0,0,0,0,0,0,0,0,0,1,0,0,5,0,0,0,0,0,0,2,0,0,0,1,0,0,1,4
54,0,0,1,0,1,1,1,1,1,0,3,0,0,0,0,2,0,0,0,0,0,2,14,0,3,4,2,1,0,0,0,12,0,12,1,0,0,0,11,4
55,0,0,0,0,0,0,0,0,2,3,0,0,0,0,0,0,0,0,0,0,0,0,0,0,1,0,0,0,0,0,0,1,0,0,0,0,0,0,2,1
56,0,0,0,0,0,0,0,0,0,0,0,0,0,0,0,0,0,0,3,0,0,0,0,0,0,0,2,1,0,0,0,6,5,0,0,3,0,0,0,2
57,0,0,0,2,2,0,0,2,1,0,2,1,0,0,0,2,0,0,0,0,0,0,8,0,0,0,0,0,0,0,0,0,0,6,0,0,1,0,3,0
58,0,0,0,0,0,1,0,0,1,0,0,0,0,0,0,2,0,0,0,0,0,5,0,0,0,0,0,0,0,0,7,8,0,0,0,0,1,0,0,1
59,0,28,5,7,7,0,0,36,1,0,0,1,0,1,0,7,0,0,7,7,0,0,7,15,0,0,0,7,0,0,0,0,0,7,0,0,1,0,0,0
60,8,0,0,0,0,0,1,0,0,8,0,0,0,1,0,1,0,0,0,2,0,1,0,0,0,1,1,0,0,0,0,5,0,4,0,0,0,0,0,0
61,0,0,0,0,0,0,0,0,0,1,0,0,0,0,0,0,0,0,0,0,0,1,0,0,0,0,0,0,0,0,0,13,0,0,0,1,0,0,1,5
62,0,0,1,0,0,0,0,0,0,1,0,1,0,0,3,0,3,0,0,0,0,0,0,0,2,0,2,1,2,0,0,9,2,0,0,1,0,0,1,5
63,0,0,0,0,0,3,0,0,1,0,0,2,2,0,1,0,0,0,0,0,0,0,2,0,0,0,0,0,2,0,2,1,0,0,0,0,1,0,0,2
64,0,0,0,0,2,0,0,2,0,1,0,0,0,0,1,0,0,0,4,4,0,3,4,0,0,0,0,0,1,1,0,3,5,3,0,0,1,0,1,0
65,0,0,0,0,0,0,0,0,1,0,0,1,2,0,0,0,0,0,2,0,0,1,0,0,0,0,1,0,0,0,0,3,0,0,0,0,3,0,0,1
66,0,0,0,0,0,0,0,0,0,0,0,0,0,4,0,0,0,0,0,1,6,2,2,0,0,2,0,0,0,0,0,4,0,2,0,0,0,0,0,1
67,1,0,0,0,0,2,0,0,1,0,0,1,0,0,0,0,4,1,1,0,0,0,0,0,0,1,0,0,1,0,1,6,0,0,0,0,2,0,0,1
68,0,0,0,0,0,0,0,0,1,0,3,0,0,0,0,0,0,0,0,0,0,0,0,0,0,0,0,0,0,0,0,6,1,0,0,0,1,1,0,0
69,1,0,0,0,0,1,0,0,1,0,0,2,1,0,0,0,0,0,0,0,0,0,1,0,0,0,0,0,0,0,0,2,0,1,0,0,1,0,3,0
70,4,0,0,0,0,0,0,0,0,7,1,0,0,0,0,0,0,0,0,1,0,0,2,0,0,0,0,0,0,0,0,3,0,6,1,0,0,0,0,0
71,0,0,0,0,0,0,1,1,0,2,0,0,0,0,0,2,0,0,0,0,0,0,0,0,0,0,0,0,0,0,0,0,0,3,0,0,1,0,1,1
72,1,0,0,0,0,0,0,0,0,0,0,0,0,0,0,0,0,0,0,0,0,0,0,0,0,0,0,0,0,0,0,2,0,1,0,1,0,0,4,0
73,0,0,1,0,4,3,1,4,0,0,3,0,0,0,0,0,0,1,0,0,0,0,5,0,1,0,0,2,0,0,0,6,0,2,0,0,0,0,7,2
74,0,0,0,0,3,0,0,0,1,3,2,1,6,0,0,0,0,1,1,0,0,1,1,0,2,0,0,0,0,0,0,3,0,0,1,0,4,0,1,1
75,0,0,0,0,0,0,0,0,0,0,4,0,0,0,0,0,0,0,0,0,0,0,0,0,6,0,0,0,0,2,0,1,0,0,0,0,1,1,2,0
76,0,0,2,0,0,0,0,0,1,2,3,1,0,0,0,0,0,1,0,0,0,0,3,0,1,0,0,0,7,0,1,4,0,0,4,0,4,1,3,1
77,12,0,0,0,0,0,1,0,0,0,0,0,1,0,0,0,0,0,1,0,0,0,0,0,0,0,0,0,0,0,0,0,0,0,0,0,0,0,0,0
78,0,0,0,0,0,0,0,0,0,2,0,0,0,0,2,0,0,0,0,0,0,0,0,0,0,0,0,0,0,0,0,0,0,0,0,0,0,0,2,0
79,0,0,0,0,6,3,0,7,0,0,2,0,0,1,0,0,0,0,7,1,3,1,17,0,1,0,1,4,0,1,0,7,3,7,0,3,0,0,12,4
80,0,0,0,0,0,0,0,0,0,0,0,0,0,0,0,0,0,0,2,0,0,0,0,0,0,0,0,0,0,0,0,0,0,0,0,0,0,0,0,0
81,0,0,0,0,1,1,0,0,0,5,0,0,0,0,0,0,0,2,2,0,0,0,8,0,0,0,0,0,0,2,0,1,0,0,0,0,2,0,0,2
82,0,0,0,0,0,0,0,0,3,0,0,0,0,0,1,0,1,0,3,0,0,0,0,0,0,0,0,0,1,0,0,10,2,0,0,0,1,0,5,0
83,1,0,0,0,0,0,0,0,1,6,0,0,0,0,0,0,0,0,4,0,0,0,4,0,0,1,0,0,0,0,0,8,2,5,0,0,0,0,2,4
84,1,102,15,29,32,0,11,135,1,7,0,1,10,0,0,13,0,0,7,10,0,1,29,2,0,19,1,15,0,0,13,0,0,2,25,0,3,0,4,3
85,2,0,0,0,0,0,0,0,0,0,0,0,0,2,2,0,0,0,0,0,0,0,0,0,0,0,0,0,0,0,0,0,0,2,0,0,0,0,0,0
86,0,0,0,0,0,0,0,0,2,0,0,2,0,0,1,0,0,0,0,0,0,0,0,0,0,0,0,0,0,0,0,4,2,0,0,0,0,0,5,0
87,0,0,2,0,0,0,0,0,1,11,2,1,1,0,0,0,1,1,1,0,0,2,9,0,0,1,1,1,6,0,0,14,0,0,2,8,5,1,0,0
88,0,0,0,0,0,3,0,0,4,1,0,1,4,0,0,0,0,1,0,0,0,1,4,0,1,0,1,0,0,0,1,3,0,0,0,0,0,0,2,0
89,2,0,0,0,2,0,0,2,0,2,0,0,0,0,0,0,0,0,0,0,0,0,0,0,0,0,0,0,0,2,0,0,0,2,0,0,0,0,0,0
90,2,0,0,0,2,2,0,2,0,2,0,0,0,0,0,0,0,0,0,0,0,0,0,0,0,0,0,0,0,2,0,0,0,2,0,0,0,0,0,0
91,0,0,0,0,0,0,1,0,1,4,6,1,0,0,0,0,0,0,1,0,0,0,0,0,4,1,1,1,0,6,0,6,0,1,2,0,1,1,1,0
92,8,0,0,0,0,0,1,0,0,0,0,0,0,2,0,5,0,0,0,0,0,0,3,0,0,0,0,0,0,0,0,1,2,15,0,0,0,0,5,1
93,4,0,0,0,0,0,2,0,0,0,0,0,0,2,0,0,0,0,0,0,2,0,0,0,0,0,0,0,0,0,0,0,0,2,0,0,0,0,2,0
94,2,0,0,1,1,1,0,0,1,0,2,0,0,0,0,0,0,0,0,2,0,0,0,0,0,0,0,0,0,0,4,3,0,1,0,1,0,0,0,3
95,1,0,0,0,0,1,0,0,1,0,0,2,1,0,0,0,0,0,0,0,0,0,1,0,0,0,0,0,0,0,4,2,0,1,0,0,1,0,0,0
96,0,0,1,0,1,0,0,0,0,0,0,0,0,0,0,0,0,0,0,0,0,0,4,0,2,0,0,0,0,1,0,1,0,0,0,0,0,1,3,5
97,0,0,0,0,0,0,0,0,0,0,1,0,0,0,0,0,0,0,1,0,0,0,0,0,5,0,0,0,0,1,0,0,0,0,0,0,0,0,3,0
98,0,0,0,0,0,0,0,0,2,0,0,1,0,0,1,1,0,0,0,0,0,1,0,0,0,3,1,0,1,0,0,4,3,0,0,0,0,1,8,0
99,0,0,1,0,0,0,0,0,0,3,0,2,1,0,0,0,0,1,0,1,0,0,0,0,0,0,0,1,0,1,0,2,0,0,0,0,0,0,0,1
100,0,0,1,0,0,0,1,0,0,0,0,0,0,0,0,0,0,0,3,0,0,0,0,0,4,0,0,0,0,0,0,1,0,0,0,0,0,7,0,2
101,1,0,0,0,0,0,1,0,0,4,0,0,2,0,0,0,0,0,0,0,0,0,2,0,4,0,0,0,0,0,0,3,0,2,0,0,0,0,0,0
102,0,0,0,1,1,0,1,1,0,0,0,0,3,0,0,1,0,0,0,1,0,1,0,0,2,0,0,0,0,0,0,4,2,0,2,6,0,0,1,0
103,0,0,0,0,0,0,0,0,0,0,0,0,0,0,0,0,0,0,2,0,0,0,0,0,0,0,0,0,0,1,0,0,0,0,0,0,0,0,0,0
104,0,0,0,1,0,0,0,0,3,0,0,0,0,0,0,0,6,0,2,0,0,3,0,0,1,0,0,2,0,0,2,5,0,0,0,6,0,0,0,1
105,0,0,0,0,0,0,0,0,0,0,0,0,0,0,0,0,0,1,2,1,0,0,0,0,0,0,1,0,0,0,0,2,0,0,0,5,0,2,0,2
106,3,0,0,0,0,0,0,0,1,1,0,2,4,0,0,0,0,0,0,0,0,0,4,0,0,0,0,0,0,0,0,2,0,3,0,0,1,0,2,1
107,1,0,0,0,0,0,0,0,0,4,0,0,1,0,0,0,0,0,1,0,0,0,0,0,1,0,0,0,0,0,0,0,0,0,0,1,0,0,0,0
108,0,0,0,0,0,0,0,0,2,0,0,7,0,0,1,0,0,0,1,0,0,0,1,0,0,2,1,0,1,0,0,11,4,1,0,0,4,0,8,0
109,1,0,0,0,0,1,1,0,1,0,0,1,1,0,0,0,0,0,0,0,0,0,1,0,0,0,0,0,0,0,0,1,0,1,0,0,1,0,3,0
110,2,0,0,0,0,0,0,0,0,0,0,0,0,4,1,1,0,0,0,0,0,2,0,0,0,0,0,0,0,0,0,3,0,2,0,1,0,0,1,0
111,0,0,1,0,0,0,0,0,0,2,0,0,0,0,0,0,0,4,2,0,0,0,0,0,0,6,2,1,0,0,3,7,0,0,0,0,0,0,0,0
112,0,0,0,0,0,0,0,0,0,0,0,0,0,0,0,0,0,0,1,0,0,0,0,0,0,1,1,0,0,2,0,8,0,0,0,0,0,0,8,0
113,2,0,0,0,1,1,0,0,0,2,0,0,0,0,0,0,0,0,1,6,0,0,2,0,0,0,0,0,0,0,0,5,6,4,0,0,0,0,0,1
114,4,0,0,0,1,0,1,0,0,0,0,0,0,0,0,1,0,0,0,3,0,0,0,0,0,0,0,0,0,0,1,2,0,3,0,0,0,0,2,1
115,0,0,0,0,0,0,0,0,0,0,0,0,0,0,0,0,0,0,6,0,0,0,1,0,0,0,0,0,0,0,0,3,2,0,0,0,0,0,0,0
116,0,0,0,1,0,0,0,0,1,0,2,0,0,0,0,0,1,3,0,0,0,0,0,0,0,0,0,0,2,0,0,2,0,0,0,0,0,0,0,0
117,7,0,2,0,0,0,2,0,1,0,1,0,0,3,3,3,1,0,4,0,0,9,14,0,0,0,4,0,0,0,0,5,1,19,3,1,0,1,11,0
118,0,0,0,0,1,1,0,0,1,0,1,0,0,0,0,0,1,1,0,0,0,0,0,0,0,0,0,0,0,0,0,0,0,0,0,0,0,0,3,1
119,2,0,0,0,2,0,0,2,0,2,0,0,0,0,0,0,0,0,0,0,0,0,0,0,0,0,0,0,0,2,0,0,0,2,0,0,0,0,0,0
120,1,0,0,0,0,0,0,0,0,0,0,0,0,0,0,0,0,0,0,0,0,0,0,0,0,0,0,0,0,0,1,2,0,0,0,2,0,0,2,0
121,0,0,0,0,0,0,0,0,0,0,0,0,2,0,4,0,0,0,3,0,0,0,0,0,0,0,3,0,0,0,0,0,0,0,0,0,0,0,1,0
122,0,0,1,2,2,0,0,3,0,0,0,0,0,0,0,0,0,0,0,0,1,0,6,0,0,0,0,0,0,0,0,0,0,4,0,0,0,0,2,0
123,0,0,1,0,0,0,0,0,1,0,0,2,0,0,0,0,0,0,4,0,0,0,0,0,0,1,0,0,0,1,0,1,0,0,0,0,1,0,0,1
124,0,0,0,0,0,0,0,0,0,2,0,0,0,0,0,0,0,2,0,0,0,0,0,0,0,0,0,0,0,0,0,0,0,0,0,0,0,0,0,0
125,1,0,0,0,0,0,0,0,0,0,0,0,0,6,1,1,0,0,0,1,5,1,1,0,0,0,0,0,0,0,0,1,0,2,0,0,0,0,0,1
126,0,0,4,7,3,0,0,3,0,0,5,0,0,0,0,0,0,0,3,0,4,0,20,0,12,0,0,7,0,0,0,2,0,12,4,1,0,5,0,1
127,3,0,0,0,1,0,0,1,1,0,1,0,0,0,0,0,0,0,0,0,3,0,1,0,1,0,0,1,0,0,0,1,0,2,0,0,0,0,0,3
128,0,0,0,1,0,0,0,0,3,1,1,0,0,0,1,0,8,1,0,0,0,0,0,0,0,0,0,1,0,0,1,2,0,0,0,0,0,0,0,1
129,0,0,0,0,0,0,0,0,0,0,0,0,0,0,1,1,0,0,0,0,0,0,0,0,0,0,0,0,0,0,3,2,0,6,0,0,0,4,0,2
130,2,0,0,0,0,2,0,0,0,0,0,0,0,0,0,0,0,0,0,0,0,0,0,0,0,0,0,0,0,2,0,0,0,2,0,0,2,0,0,0
131,1,0,0,0,0,0,0,0,0,3,0,0,1,0,0,0,0,0,0,0,2,0,7,0,1,1,0,0,0,0,0,3,0,0,0,0,0,0,1,1
132,3,0,5,0,0,0,1,0,1,0,2,0,0,0,0,0,1,0,2,0,5,0,12,0,8,0,0,2,0,0,0,8,0,11,7,2,0,8,0,3
133,0,0,0,0,0,0,0,0,1,0,0,1,0,0,2,0,1,0,1,0,0,0,0,0,0,0,1,0,0,0,0,4,1,0,0,1,3,0,2,0
134,4,0,0,0,0,0,0,0,0,2,0,0,0,0,0,0,0,0,0,0,0,0,0,0,0,0,0,0,0,0,0,0,0,0,0,0,2,0,0,0
135,0,0,1,0,2,1,0,2,1,0,0,2,0,0,0,1,0,0,5,1,0,3,2,0,0,0,3,3,0,4,9,10,0,0,1,2,5,0,0,4
136,0,0,0,0,0,0,0,0,0,0,0,0,0,7,0,0,4,10,0,0,0,0,2,0,1,0,0,4,1,0,0,6,0,0,0,0,0,0,0,1
137,0,0,0,0,0,0,0,0,0,2,0,0,0,0,2,0,0,0,0,0,0,0,0,0,0,0,0,0,0,0,0,0,0,0,0,0,0,0,2,0
138,2,0,0,1,0,2,0,0,0,0,0,0,0,0,0,0,0,0,0,2,4,0,2,0,1,0,0,0,0,0,0,1,0,3,0,0,0,0,0,1
139,0,0,0,0,0,0,0,0,1,0,0,0,1,0,2,0,0,1,0,0,0,0,1,0,0,0,0,0,0,0,0,0,2,0,0,0,0,0,1,0
140,0,0,0,1,0,3,0,0,1,0,2,0,0,0,0,0,1,0,2,0,0,0,0,0,0,0,0,0,2,0,0,1,0,0,0,0,0,0,0,3
141,0,0,0,0,2,0,2,0,1,2,0,1,2,0,0,0,0,0,1,0,0,0,0,0,0,5,1,0,0,0,0,0,0,0,0,0,0,0,4,0
142,0,0,0,0,0,0,0,0,1,0,0,2,2,0,1,0,1,0,5,0,0,3,0,0,0,3,3,0,1,0,0,13,5,0,0,4,1,1,19,2
143,0,0,0,3,3,0,2,3,1,0,1,1,0,0,0,2,0,0,1,0,0,0,12,0,0,0,0,2,0,0,0,0,0,9,0,0,1,0,2,0
144,8,0,2,0,0,0,0,0,1,6,0,1,5,0,0,0,1,1,0,0,0,0,3,0,0,0,0,0,6,0,0,0,0,0,1,0,3,0,0,0
145,0,0,0,1,0,2,0,0,2,2,0,0,0,0,0,0,7,5,0,0,0,0,0,0,2,0,2,0,5,0,0,13,0,0,0,0,1,2,3,2
146,2,0,1,0,0,1,0,0,1,0,0,3,0,0,2,0,0,0,1,0,0,2,0,0,0,0,0,0,1,1,0,2,0,3,0,0,1,0,9,0
147,1,0,2,2,3,3,0,0,3,1,0,1,0,0,0,3,2,3,18,6,0,0,11,0,1,0,4,3,0,0,1,17,0,5,0,0,0,0,0,3
148,0,0,0,2,2,0,0,2,0,0,0,0,0,0,0,0,0,0,2,2,0,0,2,0,0,0,0,0,0,0,0,0,0,2,0,0,2,0,0,0
149,0,0,0,0,0,1,0,0,1,0,0,0,0,0,0,0,0,0,0,0,0,1,0,0,1,0,1,0,1,0,0,2,0,0,0,0,0,0,3,0
150,0,0,0,0,2,0,3,0,1,2,0,1,2,0,0,0,0,0,1,0,0,0,0,0,0,5,1,0,0,0,0,0,0,0,0,0,0,0,4,0
151,1,0,0,0,0,0,0,0,1,0,0,2,0,0,2,0,0,0,0,0,0,1,0,0,0,0,2,0,1,0,0,2,0,1,0,0,3,0,0,0
152,0,0,0,0,0,0,0,0,0,2,0,0,0,0,2,0,0,0,0,0,0,0,0,0,0,0,0,0,0,0,0,0,0,0,0,0,0,0,2,0
153,0,0,0,0,0,0,0,0,1,0,0,0,0,0,0,0,0,1,0,0,0,0,0,0,0,6,1,0,0,0,7,2,0,0,0,0,0,0,0,0
154,1,0,0,0,1,0,0,0,2,0,0,1,3,0,0,0,2,1,0,0,0,0,1,0,0,0,0,0,1,0,0,3,0,0,0,0,0,0,1,1
155,3,0,0,0,0,1,0,0,1,0,0,1,1,0,2,0,0,0,0,0,0,0,0,0,0,0,0,0,1,0,0,3,0,3,0,0,0,0,0,0
156,0,0,1,0,1,0,0,0,1,0,3,1,0,0,0,0,0,0,2,0,0,0,0,0,2,0,0,0,0,4,0,6,0,0,0,0,0,0,0,1
157,1,0,0,0,1,0,0,1,1,18,6,1,2,0,1,1,0,0,3,0,0,1,9,0,0,2,5,0,0,0,0,11,11,8,0,1,4,3,2,2
158,0,0,0,0,0,0,1,0,0,3,0,0,0,0,3,3,0,0,1,0,0,0,12,0,0,0,0,0,0,1,0,0,0,0,0,1,1,3,3,4
159,0,0,0,0,0,1,0,0,0,0,0,0,0,0,1,1,0,0,0,0,0,0,2,0,0,0,0,0,0,0,3,2,0,8,0,0,0,4,0,2
160,1,0,0,2,2,0,0,1,1,1,0,1,0,0,0,0,0,0,5,2,0,1,5,0,1,0,0,3,0,0,0,3,4,5,0,0,4,0,2,1
161,0,0,0,1,3,2,0,0,0,0,0,0,0,0,0,0,0,1,0,0,0,1,1,0,4,0,1,1,0,0,0,3,0,1,0,0,0,0,0,1
162,0,0,0,0,1,0,1,0,0,0,0,0,1,0,0,0,0,0,0,0,0,0,0,0,0,1,0,0,0,0,0,2,0,0,0,0,0,0,1,1
163,0,0,6,1,1,0,0,1,0,0,0,0,0,0,0,0,0,0,2,0,6,0,19,0,14,0,0,5,0,0,0,1,0,11,12,1,0,8,0,3
164,0,0,5,4,2,0,0,2,0,0,0,0,0,0,0,0,0,0,5,0,5,0,18,0,13,0,0,4,0,0,0,2,0,9,10,1,0,3,0,7
165,0,0,0,0,0,6,0,0,7,0,4,1,3,0,0,0,3,0,0,0,0,0,1,0,1,0,0,0,3,0,0,9,0,0,0,0,0,1,7,1
166,0,0,0,0,0,0,0,0,0,0,0,0,0,0,0,0,0,0,6,0,0,0,0,0,0,0,0,0,0,0,0,1,0,0,0,1,0,0,0,0
167,1,0,0,1,2,0,1,0,0,0,1,0,0,0,0,0,0,0,0,0,0,0,9,0,0,0,0,0,0,0,4,3,0,6,0,0,0,0,0,1
168,1,0,0,0,0,1,0,0,0,4,0,0,0,0,0,0,0,0,1,0,0,0,0,0,2,0,0,0,0,0,0,3,0,0,0,1,0,0,0,0
169,2,0,0,0,1,2,0,0,0,0,0,0,0,0,0,0,0,0,0,2,0,0,0,0,0,0,0,0,0,0,0,3,0,2,2,0,0,0,4,3
170,4,0,0,3,2,0,0,2,0,0,0,0,0,3,3,1,0,0,0,0,2,0,3,0,0,0,0,0,0,0,0,4,0,6,0,0,0,0,0,0
171,0,0,0,0,0,0,2,0,0,2,0,0,0,0,2,0,0,0,0,0,0,0,0,0,0,0,0,0,0,0,0,0,0,0,0,0,0,0,2,0
172,0,0,0,0,2,0,0,0,0,0,2,0,0,0,0,0,0,0,2,0,0,0,2,0,0,0,0,0,0,0,0,0,2,2,0,0,2,0,0,2
173,0,0,0,1,2,0,0,0,3,0,1,2,6,0,0,0,2,0,2,0,0,3,6,0,0,1,0,0,1,0,0,11,0,0,0,0,2,0,0,0
174,2,0,0,0,0,0,0,0,1,2,0,0,3,0,0,0,2,0,0,0,0,0,0,0,2,0,1,1,2,0,0,4,0,0,0,0,0,0,4,0
175,0,0,0,0,0,1,0,0,1,0,2,2,0,0,0,0,1,0,2,0,0,0,0,0,0,0,0,0,5,0,0,6,0,0,0,0,6,1,2,1
176,0,0,0,0,0,0,0,0,0,6,0,0,0,0,0,1,0,2,0,1,0,0,0,0,0,0,0,0,0,0,0,4,0,0,0,1,0,0,0,0
177,0,0,0,0,0,0,0,0,0,0,0,0,1,0,2,0,0,0,5,0,1,0,0,0,0,0,2,0,0,0,0,0,0,0,0,0,0,0,0,0
178,0,0,0,1,0,0,0,0,3,0,0,0,0,0,0,0,6,0,2,0,0,3,0,0,1,0,0,2,0,0,2,5,0,0,0,6,0,0,0,1
179,1,0,1,3,1,0,2,1,0,0,0,0,5,0,0,2,0,0,0,1,0,1,1,0,4,0,1,0,0,0,0,13,2,1,2,20,0,0,1,2
180,1,0,0,0,0,2,0,0,1,0,0,0,0,0,0,0,0,0,0,0,0,0,0,0,0,0,0,0,0,0,0,1,0,1,0,0,1,0,0,0
181,0,0,2,0,1,0,0,0,0,0,0,0,0,0,0,0,0,0,1,0,0,0,1,0,0,0,1,0,0,0,1,6,0,0,0,0,0,0,2,0
182,0,0,0,0,0,2,0,0,0,0,0,0,0,0,0,0,0,0,0,0,0,0,0,0,0,0,0,0,0,0,0,0,0,0,0,0,0,0,0,0
183,2,0,0,0,1,0,0,1,1,7,0,2,0,0,0,0,0,0,0,0,0,0,4,0,0,0,0,1,0,1,0,3,0,5,0,1,0,0,0,2
184,0,0,0,0,0,0,0,0,2,0,0,1,2,0,0,0,0,0,7,0,0,3,0,0,4,0,3,0,3,0,0,3,0,0,1,0,0,0,0,2
185,13,0,0,0,0,0,3,0,0,1,0,0,17,1,0,0,0,0,6,1,1,3,0,0,0,0,0,0,0,0,0,2,3,1,0,0,0,0,1,0
186,0,0,2,0,7,0,3,7,1,4,0,0,0,0,0,0,0,0,0,1,0,0,10,0,10,0,3,0,0,0,0,4,0,7,0,0,0,0,0,6
187,2,0,1,0,1,1,1,2,1,0,3,1,0,0,0,0,0,0,0,2,0,0,5,0,0,0,0,0,0,5,0,7,0,5,1,0,1,0,4,3
188,0,0,0,0,0,0,0,0,1,0,0,0,0,0,1,0,0,0,0,0,0,0,0,0,0,0,0,0,1,0,0,1,1,0,0,0,0,0,3,0
189,1,0,0,0,0,0,0,0,0,0,0,0,3,0,3,0,0,0,0,0,0,0,0,0,0,0,0,0,0,0,0,2,0,1,0,0,1,0,5,0
190,0,0,1,0,1,1,0,0,1,0,0,2,1,0,2,0,0,0,0,0,0,0,0,0,0,0,0,0,1,0,0,3,0,2,0,0,0,0,0,0
191,0,0,1,0,0,0,0,0,1,0,0,1,4,0,0,0,0,0,0,0,0,0,6,0,0,0,0,0,0,0,2,2,0,0,0,0,1,0,3,0
192,9,0,0,0,0,0,0,0,0,0,0,0,0,0,0,0,0,0,1,0,0,0,0,0,1,0,0,0,0,0,0,1,0,6,1,0,0,3,0,0
193,1,0,0,0,1,1,0,0,1,0,0,1,1,0,2,0,0,0,0,0,0,0,0,0,0,0,0,0,1,0,0,3,0,2,0,0,0,0,4,0
194,0,0,0,1,0,2,0,0,0,0,0,0,0,0,0,0,5,1,0,0,0,0,0,0,3,0,1,0,0,0,1,2,0,0,0,0,0,1,2,1
195,2,0,0,0,0,1,0,0,1,0,0,1,1,0,2,0,0,0,0,0,0,0,0,0,0,0,0,0,1,0,0,3,0,2,0,0,2,0,4,0
196,0,0,0,0,0,0,0,0,0,0,0,0,0,0,0,0,0,0,0,0,0,0,0,0,0,0,0,0,0,0,0,3,0,0,0,2,0,0,8,0
197,4,0,0,0,1,1,1,0,1,0,0,2,1,0,2,0,0,0,1,0,0,0,0,0,0,0,0,0,1,0,0,2,0,4,0,0,1,0,4,0
198,0,0,0,0,0,1,0,0,1,1,1,1,0,0,0,0,0,0,0,0,0,0,1,0,2,0,0,2,0,6,1,10,0,1,0,1,2,0,0,2
199,2,0,0,0,0,0,0,0,0,0,0,0,0,7,0,4,0,0,0,0,7,0,2,0,0,0,0,0,0,0,0,3,0,4,0,0,0,0,0,1
200,2,0,0,0,0,0,0,0,0,0,0,0,1,0,1,0,0,0,0,0,0,0,0,0,0,0,0,0,1,0,0,2,0,2,0,1,1,0,3,0
201,6,0,0,0,0,0,1,0,0,0,0,0,0,0,0,0,0,0,0,0,2,0,0,0,0,0,0,0,0,0,0,2,0,6,1,2,0,0,0,0
202,0,0,0,0,0,0,0,0,1,0,0,1,0,0,0,0,0,0,2,0,0,5,0,0,0,0,3,0,0,0,0,2,0,0,0,0,1,0,0,0
203,0,0,1,0,1,0,0,0,0,0,0,0,0,0,0,3,0,0,2,1,0,0,0,0,3,0,0,0,0,0,0,0,0,3,0,0,0,0,0,0
204,0,0,0,0,0,0,0,0,1,2,0,1,1,0,3,0,1,0,8,0,0,2,4,0,0,2,2,0,2,0,0,4,4,3,0,6,2,0,14,1
205,0,0,0,0,0,0,0,0,0,5,0,0,0,0,0,0,0,0,2,0,0,0,0,0,0,1,0,0,0,0,0,1,0,0,0,0,1,1,0,0
206,0,0,0,0,0,0,0,0,2,0,1,0,0,0,1,0,1,1,4,0,0,0,0,0,0,0,3,1,0,0,0,8,0,0,1,3,0,0,7,0
207,0,0,0,9,14,6,0,8,1,1,0,1,0,0,0,11,0,0,0,0,0,0,4,0,0,0,0,0,0,0,0,0,0,0,0,0,0,0,1,0
208,4,0,1,1,1,0,0,1,1,0,0,1,0,2,4,1,0,0,0,1,9,0,3,0,0,0,0,0,0,0,0,3,2,6,0,0,0,0,0,0
209,0,0,0,1,0,0,0,0,2,1,1,0,0,0,0,2,1,0,0,0,0,1,0,0,2,1,0,0,0,0,1,2,0,0,0,2,0,0,1,0
210,3,0,0,0,0,0,0,0,2,1,0,3,0,0,0,0,0,0,0,0,0,0,0,0,0,0,0,0,0,0,0,1,0,3,0,0,1,0,1,1
211,0,0,0,0,0,0,0,0,0,2,0,0,0,0,0,0,0,2,0,0,0,0,0,0,0,0,0,0,0,0,0,0,0,0,0,0,0,0,0,0
212,1,0,0,0,0,0,0,0,0,0,0,0,0,0,1,0,0,0,0,0,0,0,0,0,0,0,0,0,1,0,0,1,0,1,0,1,0,0,2,0
213,2,0,0,0,0,0,0,0,0,0,0,0,0,0,0,0,0,0,0,0,0,0,0,0,0,0,0,0,0,0,0,0,0,2,0,0,2,0,2,0
214,7,0,1,0,0,0,1,0,0,0,0,0,5,0,1,0,0,0,2,0,3,0,0,0,0,0,0,0,0,0,0,1,0,5,0,0,0,0,0,0
215,0,0,0,0,0,0,0,0,3,0,0,0,0,0,0,0,3,0,0,0,0,0,0,0,0,0,0,0,0,0,0,5,1,0,0,0,0,0,1,0
216,0,0,0,0,0,0,1,0,0,3,0,0,0,0,2,3,0,0,0,0,0,0,11,0,0,0,0,0,0,1,0,0,0,0,0,1,1,3,3,3
217,0,0,0,0,0,0,0,0,0,0,0,0,0,0,1,0,0,0,2,0,1,2,0,0,0,0,1,0,0,0,0,0,0,0,0,0,0,1,2,0
218,0,0,0,0,0,0,0,0,1,0,0,0,1,0,0,0,0,1,0,0,0,2,0,0,0,3,1,0,0,0,0,5,0,0,0,1,0,1,2,0
219,6,0,3,0,0,0,3,0,0,0,0,0,0,0,0,0,0,0,0,0,0,0,0,0,4,0,0,0,0,0,0,4,0,7,0,0,0,0,1,0
220,1,0,0,0,1,0,0,1,1,3,0,1,0,0,0,0,0,0,0,0,0,0,0,0,0,0,0,0,0,0,0,2,0,1,0,0,1,0,0,2
221,0,0,0,0,0,0,0,0,2,0,2,1,0,0,0,0,0,1,1,0,0,0,0,0,0,0,0,0,0,4,0,6,0,0,0,0,1,0,3,0
222,0,0,0,0,0,0,0,0,1,0,3,0,0,0,0,0,0,2,0,0,0,0,0,0,4,0,0,0,0,0,2,18,0,0,0,1,0,0,5,2
223,2,0,0,0,0,0,0,0,0,0,0,0,0,2,2,0,0,0,0,0,0,0,0,0,0,0,0,0,0,0,0,0,0,2,0,2,0,0,0,0
224,4,0,0,0,0,2,0,0,0,4,0,0,0,0,0,0,0,0,0,0,0,0,0,0,0,0,0,0,0,0,0,0,0,0,0,0,2,0,0,0
225,0,0,0,0,0,0,0,0,0,3,0,0,0,0,0,0,1,0,0,1,0,0,0,0,0,0,0,0,0,0,0,3,0,0,0,4,0,0,0,0
226,0,0,0,0,0,0,1,0,1,0,0,0,0,0,0,0,1,2,0,0,0,0,0,0,9,2,2,0,0,0,0,3,0,0,0,0,0,0,1,0
227,0,0,4,0,0,0,0,2,0,2,0,0,0,0,0,0,0,0,1,0,0,1,0,0,0,1,0,0,0,0,0,0,0,0,0,0,0,0,1,0
228,0,0,1,1,0,1,0,0,1,11,0,1,0,1,0,0,2,1,1,2,0,4,4,0,3,2,0,10,8,0,0,24,0,0,0,1,0,0,0,6
229,3,0,0,0,0,0,0,0,0,0,0,0,2,1,0,0,0,0,1,0,0,0,0,0,0,0,0,0,0,0,0,1,0,3,0,1,0,1,3,0
230,1,0,0,1,0,0,0,0,0,5,0,0,0,0,0,0,0,0,1,0,0,0,0,0,1,2,0,1,0,0,0,2,0,0,0,1,0,1,0,0
231,2,0,0,0,1,1,0,1,1,0,0,3,1,0,3,0,0,0,0,0,0,0,0,0,0,0,0,0,1,0,0,4,0,2,0,0,0,0,0,0
232,0,0,0,0,0,0,0,0,0,0,0,0,0,0,0,0,0,0,0,0,0,0,1,0,1,0,0,0,0,0,0,4,0,0,0,0,0,0,4,0
233,0,0,0,0,0,0,1,0,0,0,0,0,0,0,2,0,0,0,1,0,5,0,3,0,0,2,0,1,0,1,0,4,0,3,0,0,0,0,0,1
234,0,0,0,0,0,0,0,0,0,0,0,0,0,2,1,1,0,0,0,0,2,0,0,0,0,0,0,0,0,0,0,1,0,0,0,2,0,0,0,0
235,0,0,0,0,1,0,0,0,0,0,3,0,0,0,0,0,0,0,0,0,0,0,2,0,2,0,0,2,0,0,0,3,0,4,0,0,0,0,0,1
236,2,0,1,0,0,0,0,0,0,0,0,0,0,1,0,4,0,0,4,0,0,0,5,0,0,0,0,0,0,0,0,2,3,6,3,0,0,0,3,0
237,0,0,0,3,3,0,0,3,1,0,4,1,0,0,0,2,0,0,3,0,0,0,12,0,0,0,0,0,0,0,0,0,0,9,0,0,3,0,2,0
238,0,0,0,0,0,0,0,0,0,0,0,0,0,0,0,0,0,0,2,0,0,0,0,0,1,0,0,0,0,0,0,2,0,0,0,0,0,2,0,0
239,0,0,0,0,0,0,0,0,1,2,0,1,0,0,1,0,0,0,3,0,0,0,1,0,0,0,0,0,0,1,0,0,1,4,1,0,1,1,1,2
240,0,0,0,0,0,0,0,0,0,0,0,0,0,0,2,2,0,0,0,0,0,1,0,0,0,0,0,0,0,0,4,4,0,0,0,1,0,0,0,0
241,3,0,0,0,0,0,3,0,0,0,0,0,1,0,0,0,0,0,0,0,0,0,0,0,0,0,0,0,0,0,0,2,0,3,0,2,0,0,4,0
242,0,0,0,0,0,0,0,0,1,0,0,3,3,0,0,1,0,0,0,0,0,0,3,0,0,0,0,0,0,0,2,3,0,0,0,0,0,0,0,0
243,0,0,0,0,0,0,0,0,2,0,2,2,0,0,0,0,0,0,6,0,0,0,5,0,0,0,0,4,0,2,0,3,1,5,0,0,1,0,0,4
244,0,0,0,0,0,0,0,0,0,0,0,0,0,0,0,0,0,0,0,0,0,2,0,0,0,1,0,0,0,0,0,1,0,2,1,0,0,0,2,0
245,2,0,0,0,0,0,2,0,0,0,0,0,0,2,2,0,0,0,0,0,2,0,0,0,0,0,0,0,0,0,0,0,0,2,0,2,0,0,0,0
246,0,0,0,0,0,0,0,0,1,0,4,0,0,0,0,0,0,0,4,0,1,0,4,0,4,0,0,3,0,0,0,5,0,4,0,0,0,0,0,1
247,3,1,11,0,0,0,3,0,1,8,0,1,12,0,0,0,0,0,2,0,0,0,0,0,5,0,0,0,0,0,3,2,0,13,1,0,1,1,8,0
248,8,0,0,0,2,2,0,2,1,3,0,2,0,0,1,0,0,0,0,0,0,0,0,0,0,0,0,0,0,0,0,3,0,8,0,0,1,0,3,2
249,1,0,0,0,0,0,0,0,0,0,0,0,0,0,0,0,0,0,1,0,0,2,0,0,0,1,1,0,0,0,0,1,0,2,1,0,0,1,3,0
250,0,0,0,0,0,0,0,0,1,1,0,0,0,0,1,0,0,0,2,0,0,0,0,0,0,0,0,0,1,0,0,2,6,0,0,0,0,0,3,0
251,2,0,0,0,0,0,2,0,0,0,0,0,0,2,3,0,0,0,2,0,2,1,0,0,0,0,0,0,0,0,0,2,0,2,0,0,0,0,1,0
252,0,0,0,0,0,4,0,0,1,0,5,1,7,0,0,0,1,10,0,0,0,0,8,0,2,0,0,0,3,0,0,4,0,0,0,0,7,0,6,2
253,1,0,0,0,1,0,0,0,1,0,0,1,1,0,2,0,0,0,0,0,0,0,0,0,0,0,0,0,1,0,0,2,0,1,0,0,1,0,4,0
254,0,0,0,0,0,1,0,0,2,0,0,0,0,0,0,0,0,0,0,0,0,1,1,0,0,0,0,1,0,0,0,3,1,1,0,0,0,0,4,2
255,0,0,0,0,0,0,0,0,0,2,0,0,1,0,0,0,0,0,0,0,0,0,1,0,0,0,0,0,0,0,0,1,0,0,0,0,0,1,0,0
256,0,0,0,0,0,2,1,0,3,0,7,1,0,0,0,0,0,0,9,0,0,0,13,0,0,0,0,5,0,0,0,5,9,9,0,0,5,0,0,4
257,1,0,0,0,0,0,1,0,0,0,0,0,0,0,0,0,0,0,0,0,0,0,0,0,0,0,0,0,0,0,0,1,0,1,0,0,0,0,2,0
258,0,0,0,0,0,0,0,0,2,0,0,0,0,0,0,0,1,0,0,1,0,1,0,0,0,0,0,0,0,3,5,4,0,0,0,5,0,0,0,0
259,0,0,1,0,0,1,1,0,1,0,1,1,0,0,0,0,0,0,3,0,0,0,4,0,1,0,0,0,0,0,0,6,3,2,1,0,0,1,0,0
260,2,0,0,0,0,0,0,0,3,0,3,0,0,0,0,0,0,0,1,1,6,0,3,0,1,0,0,0,0,0,0,3,0,5,1,0,0,0,0,3
261,1,0,1,0,0,2,0,0,1,0,0,3,1,0,3,0,0,0,0,0,0,0,0,0,0,0,0,0,1,0,0,3,0,2,0,0,1,0,4,0
262,0,0,0,0,0,0,0,0,1,0,0,1,0,0,0,0,0,0,4,0,0,0,1,0,0,0,0,1,0,0,0,7,3,1,0,0,5,0,1,9
263,0,0,0,0,1,1,0,0,1,4,0,1,0,0,0,0,0,1,2,0,0,0,7,0,0,0,0,0,1,2,0,0,0,0,0,2,3,0,0,1
264,0,0,0,0,2,0,0,0,0,0,1,0,0,0,0,0,0,0,0,0,0,0,7,0,0,0,0,0,0,0,0,2,0,1,0,0,0,0,7,1
265,0,0,1,0,0,0,0,0,1,0,0,0,0,0,1,0,1,0,0,0,0,0,0,0,0,0,0,0,0,0,0,1,2,0,0,0,1,0,4,0
266,7,0,0,1,3,0,0,3,1,0,0,1,4,4,1,0,0,0,0,0,0,3,2,0,0,2,0,1,0,1,0,5,0,7,2,0,2,0,9,3
267,0,0,0,0,0,0,0,0,0,0,0,0,0,0,0,0,0,0,6,0,0,0,0,0,0,0,0,0,0,0,0,1,0,0,0,1,0,0,0,0
268,0,0,0,2,2,0,0,2,1,0,2,1,0,0,0,0,0,0,0,2,0,0,8,0,0,0,0,0,0,0,0,0,0,6,0,0,2,0,3,0
269,0,0,5,5,6,0,0,6,1,2,2,1,0,0,0,0,0,0,4,8,0,0,22,0,0,0,0,2,0,0,0,1,6,21,1,0,3,0,3,0
270,0,0,0,2,2,0,0,2,1,0,2,1,0,0,0,2,0,0,0,0,0,0,8,0,0,0,0,0,0,0,0,0,0,6,0,0,1,0,3,0
271,0,0,1,0,0,0,2,0,0,0,2,0,0,0,0,0,0,0,0,0,0,0,0,0,1,0,0,0,0,0,0,8,0,0,0,0,0,0,5,0
272,0,0,0,0,0,0,0,0,1,4,0,3,0,0,0,0,0,0,0,0,0,0,1,0,0,0,1,1,0,1,0,3,0,1,0,1,1,0,0,1
273,0,0,0,0,0,0,0,0,1,0,0,0,0,0,0,1,0,0,0,0,0,2,0,0,0,0,0,2,0,0,2,2,0,0,0,0,0,0,2,0
274,3,0,0,1,4,1,0,3,0,0,3,0,0,0,2,0,0,0,2,0,2,0,0,6,0,0,0,0,0,0,0,0,0,2,0,0,0,3,2,1
275,0,0,0,0,0,0,0,0,1,0,0,0,1,0,0,0,3,2,0,0,0,0,0,0,1,1,2,3,0,2,4,7,0,0,0,2,0,0,0,0
276,0,0,0,0,0,0,0,0,0,0,0,0,0,0,0,0,0,0,0,0,0,0,3,0,1,0,0,0,0,0,1,2,0,1,0,0,0,0,0,0
277,0,0,0,0,0,0,0,0,2,1,0,0,0,0,0,0,2,3,0,0,0,0,0,0,0,0,0,0,0,0,1,4,0,0,0,0,0,0,0,0
278,1,0,0,0,0,0,0,0,0,0,0,0,0,6,0,0,3,0,0,4,3,2,1,0,0,1,0,0,0,0,0,6,0,2,0,0,0,1,0,2
279,2,0,0,0,0,2,0,0,0,0,0,0,0,0,0,0,0,0,0,0,0,0,0,0,0,0,0,0,0,2,0,0,0,2,0,0,0,0,2,0
280,0,0,0,1,0,0,0,0,1,0,0,0,0,0,0,0,2,0,1,0,0,0,0,0,0,0,0,0,0,0,0,3,0,0,0,0,0,1,0,0
281,3,0,0,0,0,0,0,0,0,2,0,0,0,0,1,0,0,0,0,0,0,0,0,0,0,0,0,0,0,0,0,2,0,2,0,0,0,0,0,0
282,0,0,0,3,0,0,0,0,1,0,1,0,0,0,0,0,2,2,0,0,0,0,0,0,0,0,0,0,1,0,0,2,0,0,0,0,0,0,0,0
283,3,0,0,1,1,1,0,0,1,0,1,0,0,0,0,0,0,0,0,0,0,0,2,0,0,0,0,0,0,0,0,0,0,0,1,0,0,0,2,0
284,2,0,0,1,1,0,0,0,0,0,0,0,0,0,0,0,0,0,1,1,3,0,1,0,0,0,0,1,0,0,0,2,0,3,0,0,0,0,0,0
285,2,0,0,0,2,0,0,2,0,2,0,0,0,0,0,0,0,0,0,0,0,0,0,0,0,0,0,0,0,2,0,0,0,2,0,0,0,0,0,0
286,0,0,0,0,0,0,0,0,0,5,0,0,0,3,0,0,0,0,0,2,0,0,0,0,0,0,0,0,0,0,0,0,0,0,0,0,0,0,0,0
287,4,0,1,0,0,0,1,0,0,0,0,0,4,0,0,0,0,0,5,0,1,0,0,0,0,0,0,0,0,0,0,0,0,0,0,1,0,0,0,0
288,3,0,0,0,0,0,1,0,5,2,0,1,2,0,2,0,1,0,3,11,0,1,0,0,2,0,0,1,6,0,0,3,2,2,0,5,2,0,4,3
289,5,0,0,0,1,0,0,1,0,0,0,0,0,0,1,0,0,0,0,0,0,0,0,0,0,0,0,0,0,0,0,2,0,4,0,1,0,0,3,0
290,1,0,0,0,1,0,0,0,1,0,0,0,0,3,0,0,0,0,5,2,1,1,0,0,1,0,0,0,0,0,0,5,0,1,0,0,0,0,0,0
291,0,0,0,1,0,0,1,0,2,4,1,1,0,0,0,0,3,2,6,0,0,1,4,0,2,0,3,2,1,5,0,14,0,0,0,3,1,0,1,5
292,1,0,0,0,0,0,0,0,0,2,0,0,0,0,1,0,0,0,0,0,0,0,0,0,1,0,0,0,0,0,0,2,0,1,0,0,0,0,0,0
293,0,0,0,0,0,0,0,0,0,0,0,1,0,0,0,0,0,0,0,0,5,3,0,0,0,0,0,0,0,0,0,2,0,0,0,1,0,1,0,0
294,0,0,0,0,0,0,1,0,1,0,1,0,1,0,0,0,0,0,0,1,3,0,1,0,1,0,0,1,0,0,4,1,0,1,0,0,0,0,0,2
295,0,0,0,0,0,0,0,0,2,3,0,0,0,0,0,0,0,0,0,0,0,0,3,0,0,0,0,0,0,0,0,1,1,3,1,0,0,0,0,1
296,0,0,0,0,0,0,0,0,0,5,0,0,0,0,0,0,5,0,0,1,0,1,0,0,0,1,0,0,0,0,0,2,0,0,0,0,0,0,0,0
297,2,0,1,0,0,1,0,0,1,0,0,3,1,0,2,0,0,0,0,0,0,0,0,0,0,0,0,0,1,0,0,3,0,2,0,0,1,0,4,0
298,1,0,0,0,0,0,0,0,0,0,0,0,0,0,2,0,0,0,0,0,0,0,0,0,0,1,0,0,0,0,0,2,0,1,0,0,1,0,2,0
299,0,0,1,3,3,0,0,1,0,0,0,0,2,0,0,2,0,0,2,0,0,0,6,0,4,0,0,0,0,0,0,14,0,0,0,0,0,0,0,6
300,2,0,0,0,2,0,0,2,0,2,0,0,0,0,0,0,0,0,0,0,0,0,0,0,0,0,0,0,0,2,0,0,0,2,0,0,0,0,0,0
301,6,0,0,0,1,1,1,0,0,0,1,0,0,0,0,0,0,1,1,0,8,0,2,0,5,0,0,2,0,0,0,4,0,8,0,0,0,0,0,4
302,0,0,1,0,0,0,0,0,0,1,0,0,0,0,0,0,0,0,0,0,0,0,0,0,1,0,1,1,0,0,0,2,0,0,0,0,0,0,0,1
303,9,0,1,0,0,0,1,0,0,0,0,0,0,0,0,0,0,0,1,0,0,0,0,0,1,0,0,0,0,0,0,1,0,6,1,0,0,3,0,0
304,0,0,0,0,1,0,0,1,0,0,2,0,0,0,0,0,0,0,0,0,0,0,0,0,0,0,0,0,0,2,0,1,0,0,0,0,0,0,1,3
305,2,0,0,0,2,0,0,2,0,2,0,0,0,0,0,0,0,0,0,0,0,0,0,0,0,0,0,0,0,2,0,0,0,2,0,0,0,0,0,0
306,19,0,6,0,0,0,2,0,0,0,0,0,2,0,0,0,0,0,1,0,0,0,0,0,0,0,0,0,0,0,0,0,0,0,0,0,0,0,3,0
307,0,0,0,0,0,0,0,0,0,1,0,1,0,0,0,0,0,0,3,0,0,0,0,0,0,0,0,0,0,0,0,2,0,0,0,0,0,0,0,0
308,0,0,0,0,0,0,0,0,1,0,0,0,0,0,2,0,1,0,0,0,0,0,0,0,0,0,0,0,0,0,0,4,2,0,0,0,1,0,3,0
309,0,0,0,0,2,0,0,2,0,0,0,0,0,0,0,0,0,0,2,0,0,0,4,0,0,0,0,0,0,0,0,0,0,2,0,0,0,0,2,0
310,14,0,2,1,1,3,0,0,2,4,2,1,2,0,0,0,0,0,0,1,0,1,1,4,0,3,0,2,7,0,0,11,0,0,0,0,5,1,0,1
311,0,0,0,3,3,0,0,3,1,0,2,1,0,0,0,2,0,0,1,0,0,0,11,0,0,0,0,1,0,0,0,0,0,9,0,0,1,0,2,0
312,1,0,0,0,1,0,0,0,1,4,0,2,0,0,1,0,0,0,1,0,0,0,0,0,0,0,0,0,0,1,0,1,1,4,1,0,1,1,1,3
313,0,0,0,0,0,0,0,0,1,0,0,0,0,0,4,0,1,0,1,0,0,0,0,0,0,0,0,0,1,0,0,6,2,0,0,0,1,0,3,0
314,0,0,0,0,2,0,0,2,0,0,0,0,0,0,0,0,0,0,2,0,0,0,4,0,0,0,0,0,0,0,0,0,2,2,0,0,0,0,0,0
315,1,0,0,0,2,0,0,0,0,0,0,0,0,0,0,0,0,0,2,0,0,0,1,0,0,0,0,0,0,0,0,2,0,2,1,0,0,0,0,1
316,0,0,0,0,5,0,0,4,2,0,1,4,0,0,0,0,0,0,1,0,0,0,0,0,1,0,0,3,0,1,0,5,0,0,1,0,1,0,4,1
317,0,0,0,0,0,0,0,0,1,3,0,1,0,0,1,0,0,0,2,0,0,0,0,0,0,0,0,0,0,1,0,0,1,6,1,0,1,3,2,2
318,1,0,0,0,0,2,0,0,0,4,0,1,0,0,0,0,0,0,1,0,0,0,0,0,0,0,0,0,0,0,0,1,1,5,0,0,1,0,2,3
319,2,0,0,0,0,0,0,0,0,0,0,0,0,0,0,0,0,0,0,0,0,0,0,0,0,0,0,0,0,0,0,0,0,0,0,0,2,0,2,0
320,0,0,0,1,0,4,0,0,2,1,3,1,1,0,0,0,5,2,0,0,0,0,1,0,1,0,0,0,4,0,0,8,0,0,0,0,0,2,5,2
321,0,0,0,0,0,6,0,0,2,0,0,0,0,0,0,0,2,5,0,0,0,0,0,0,1,0,0,0,4,0,0,8,0,0,0,0,0,1,11,0
322,0,0,0,0,0,0,1,0,0,8,0,0,2,0,3,0,0,3,8,0,0,6,1,0,4,8,4,0,2,1,0,8,4,1,0,0,7,0,0,1
323,1,0,0,0,0,0,0,0,1,0,0,2,0,0,2,0,0,0,1,0,0,0,0,0,0,0,1,0,1,0,2,2,0,1,0,0,1,0,0,0
324,3,0,2,0,0,0,2,0,0,0,0,0,0,0,1,0,0,0,0,0,0,0,0,0,0,0,0,0,0,0,0,2,0,2,0,0,0,0,2,0
325,3,0,1,0,0,0,1,0,0,0,0,0,10,0,0,0,0,0,5,0,1,2,0,0,0,0,0,0,0,0,0,1,1,0,0,0,0,0,2,0
326,0,0,0,0,0,0,0,0,1,1,2,0,0,0,0,0,0,0,2,0,1,0,0,0,0,0,0,0,0,0,0,4,0,0,0,0,1,1,0,0
327,3,0,0,0,0,0,0,0,0,0,0,0,0,0,0,0,0,0,1,0,0,3,0,0,0,0,0,0,0,0,0,1,0,3,0,0,0,0,3,0
328,0,0,1,0,0,1,0,0,1,3,0,2,0,0,0,0,0,4,0,0,0,0,0,0,0,0,0,0,2,0,0,5,0,0,0,0,2,0,0,3
329,0,0,1,0,0,0,0,0,0,0,0,0,0,0,0,0,0,0,0,0,2,0,0,0,1,3,2,0,1,0,0,3,0,0,0,0,0,1,0,0
330,0,0,0,0,2,0,0,0,0,0,2,0,0,0,0,0,0,0,2,0,0,0,2,0,0,0,0,0,0,0,0,0,2,2,0,0,2,0,0,2
331,0,0,1,0,0,1,0,0,0,0,0,0,2,0,0,0,1,0,0,0,0,0,0,0,2,4,1,0,0,0,4,0,0,0,0,0,3,0,0,0
332,0,0,0,0,1,0,3,0,5,4,2,0,5,0,1,0,5,1,1,0,0,0,1,0,2,1,0,0,2,0,0,10,0,0,1,0,0,0,3,0
333,0,0,0,0,0,0,0,0,0,0,0,0,0,0,0,0,0,0,0,0,2,0,0,0,1,0,1,0,0,0,0,3,0,0,0,0,0,0,0,0
334,2,0,0,0,0,0,0,0,0,2,0,0,0,0,1,0,0,0,0,0,0,0,0,0,0,0,0,0,0,0,0,1,0,0,0,0,0,0,0,0
335,5,0,1,0,0,0,0,0,1,0,0,0,1,6,0,0,0,0,0,0,0,0,6,0,0,0,0,0,0,0,0,3,0,8,0,0,0,0,0,2
336,0,0,0,1,0,0,1,0,0,0,0,0,0,0,0,2,0,0,1,0,0,0,6,0,0,0,0,0,0,0,0,1,0,4,1,0,0,0,3,1
337,0,0,0,0,0,0,0,0,0,0,0,0,0,0,0,0,0,0,0,0,0,0,1,0,0,0,0,0,0,0,0,2,0,0,0,0,0,1,0,1
338,2,0,0,1,1,0,0,2,0,0,0,0,0,0,0,1,0,0,0,0,0,0,3,0,0,0,0,0,0,0,0,1,0,2,0,0,0,0,3,0
339,0,0,0,0,0,0,0,0,0,0,0,0,0,2,2,0,0,0,0,0,0,2,0,0,0,0,0,0,0,0,0,0,0,0,0,0,0,0,2,0
340,2,0,0,0,0,0,0,0,0,0,0,0,0,1,1,1,0,0,1,0,2,2,0,0,0,0,0,0,0,0,0,2,0,2,0,0,0,0,1,0
341,0,0,0,0,0,0,0,0,0,0,0,0,0,0,0,0,0,0,2,0,0,0,0,0,0,0,0,0,0,0,0,0,0,0,0,0,0,0,0,0
342,3,0,1,0,0,0,1,0,0,0,0,0,0,4,6,0,0,0,1,0,6,3,0,0,0,0,0,0,0,0,0,1,0,5,1,1,0,0,2,0
343,0,0,0,0,0,0,0,0,3,0,0,1,0,0,1,0,0,0,0,0,0,0,0,0,0,0,0,0,1,0,0,3,4,0,0,0,1,1,2,0
344,3,0,0,0,2,3,0,3,1,1,0,3,0,0,0,0,0,0,0,0,0,0,0,0,0,0,0,0,0,0,0,3,0,4,2,0,0,0,3,0
345,0,0,0,0,0,0,0,0,0,2,0,0,0,0,2,0,0,0,0,0,0,0,0,0,0,0,0,0,0,0,0,0,0,0,0,0,0,0,2,0
346,0,0,0,0,0,0,0,0,0,0,0,0,0,0,1,1,0,0,0,0,0,0,2,0,0,0,0,0,0,0,3,2,0,8,0,0,0,4,0,2
347,2,0,1,0,1,0,0,0,1,0,0,3,0,0,2,1,0,0,0,0,0,1,0,0,0,0,1,0,1,0,0,4,0,2,0,0,1,0,3,0
348,0,0,0,0,1,0,0,1,1,5,1,3,0,0,1,2,0,0,0,1,0,0,2,0,1,0,0,1,0,1,0,4,0,1,0,0,1,0,0,1
349,0,2,0,0,0,2,0,0,0,0,0,0,0,0,0,0,0,0,0,0,0,0,0,0,0,0,0,0,0,0,0,0,0,0,0,0,0,0,0,0
350,0,0,0,2,0,0,1,0,5,3,0,1,0,9,0,0,9,5,1,0,1,0,0,0,17,0,0,0,0,0,2,6,0,0,0,1,2,2,1,0
351,0,0,0,0,0,0,2,0,0,2,0,0,0,0,2,3,0,0,0,0,0,0,12,0,0,0,0,0,0,1,0,0,0,0,0,0,1,3,2,3
352,0,0,0,0,0,0,0,0,1,0,3,0,0,0,0,0,0,0,0,0,0,0,0,0,3,0,0,0,0,2,0,2,0,0,0,0,0,1,0,0
353,0,0,0,0,0,0,0,0,1,0,0,0,0,0,0,0,0,0,0,0,1,0,0,0,0,3,2,0,0,0,0,4,0,0,0,0,0,0,1,0
354,2,0,0,0,0,0,0,0,1,0,0,0,4,0,0,0,0,1,0,0,0,0,2,0,0,0,0,0,0,0,0,2,0,2,0,0,0,0,1,0
355,0,0,0,0,0,2,0,0,1,0,0,2,3,0,2,1,0,0,0,0,0,0,4,0,0,0,0,0,4,0,0,2,0,0,0,0,0,0,4,1
356,2,0,0,0,0,0,0,0,0,0,0,0,0,0,0,0,0,0,1,0,0,0,0,0,0,0,0,0,0,1,0,5,0,0,0,0,1,0,1,1
357,2,0,0,0,2,0,0,2,0,2,0,0,0,0,0,0,0,0,0,0,0,0,0,0,0,0,0,0,0,2,0,0,0,2,0,0,0,0,0,0
358,0,0,0,0,0,0,1,0,0,0,0,0,0,0,0,0,0,0,2,0,0,0,2,0,4,0,0,1,0,0,0,3,0,2,0,0,0,0,0,1
359,0,0,0,0,0,0,0,0,4,0,0,0,0,0,0,0,0,0,1,0,0,0,0,0,0,0,1,0,0,0,0,9,6,0,0,1,0,0,9,4
360,6,0,0,0,0,0,0,2,0,0,0,0,0,0,0,0,0,0,0,0,0,0,0,0,0,0,0,0,0,0,0,0,0,0,0,0,0,0,2,0
361,1,0,0,0,1,0,0,0,1,0,0,2,1,0,3,0,0,0,0,0,0,0,0,0,0,0,0,0,1,0,0,3,0,0,0,0,0,0,0,0
362,18,0,3,1,1,0,2,1,1,2,0,1,0,0,6,3,0,0,5,0,0,5,0,0,0,0,0,0,1,0,1,7,1,21,0,0,4,3,4,0
363,1,0,0,0,0,0,0,0,0,0,0,0,0,1,4,0,0,0,0,0,0,2,0,0,0,0,0,0,0,0,0,1,0,1,0,0,0,0,2,0
364,1,0,0,0,0,1,0,0,1,0,0,2,1,0,0,0,0,0,0,0,0,0,1,0,0,0,0,0,0,0,0,2,0,1,0,0,1,0,3,0
365,2,0,1,0,0,3,0,0,1,0,0,1,4,0,0,0,0,0,0,0,0,0,4,0,0,0,0,0,0,0,0,2,0,2,0,0,1,0,6,0
366,2,0,0,0,2,0,0,1,1,5,0,1,0,0,0,0,0,0,1,0,0,0,0,0,0,0,0,0,0,0,0,2,1,5,1,0,1,0,1,5
367,1,0,0,0,0,0,0,0,0,0,0,0,0,0,0,0,0,0,0,0,0,0,1,0,0,0,0,0,0,0,0,2,0,2,0,0,0,0,4,1
368,2,0,1,0,0,0,0,0,0,0,0,0,3,0,0,0,0,0,0,0,0,0,3,0,2,0,0,0,0,0,0,0,0,2,0,0,0,0,3,1
369,1,0,0,0,0,0,0,0,0,0,0,0,0,0,0,0,0,0,4,0,2,0,0,0,0,0,0,0,0,0,0,0,0,0,0,0,0,0,3,0
370,4,0,0,0,2,1,1,2,1,7,0,2,0,0,0,0,0,0,1,0,0,0,1,0,0,0,0,0,0,0,0,3,1,5,1,0,2,0,0,5
371,0,0,0,0,0,0,0,0,1,0,0,0,0,0,3,0,0,0,4,0,0,1,0,0,1,0,0,0,3,1,0,7,0,0,0,1,0,0,1,1
372,0,0,0,0,0,0,0,0,1,0,2,0,0,0,0,0,0,0,0,0,0,0,0,0,0,0,0,0,0,0,3,4,0,0,0,0,1,1,3,0
373,4,0,0,0,3,2,0,3,1,2,0,2,0,0,1,0,0,0,0,0,0,0,0,0,0,0,0,0,0,1,0,1,0,6,1,0,1,1,5,0
374,0,0,3,0,0,0,0,0,0,3,2,0,0,0,0,0,0,1,1,0,0,0,5,0,1,0,1,1,3,0,0,2,0,0,2,1,2,1,0,2
375,0,0,0,0,0,0,0,0,0,2,0,0,0,0,2,0,0,0,0,0,0,0,0,0,0,0,0,0,0,0,0,0,0,0,0,0,0,0,2,0
376,1,0,0,0,0,0,0,0,0,0,0,0,0,0,0,0,0,0,0,0,0,0,0,0,0,0,1,0,0,0,0,2,0,1,0,1,0,0,0,1
377,0,0,0,0,0,0,0,0,1,0,0,2,0,0,0,0,2,0,0,0,0,3,0,0,0,1,1,0,1,0,0,3,3,0,0,0,0,0,6,0
378,4,0,0,0,1,0,0,0,1,0,1,0,0,0,2,0,0,1,1,0,5,0,1,0,0,0,0,0,0,0,0,4,0,6,0,0,0,0,0,1
379,0,0,0,0,0,0,0,0,1,3,0,0,0,0,1,0,0,0,0,0,0,0,2,0,0,0,1,0,0,0,0,1,3,2,0,4,0,0,0,0
380,1,0,0,0,0,0,0,0,0,0,0,0,0,0,0,0,0,0,0,0,0,2,0,0,1,1,3,0,2,0,1,4,0,3,1,0,0,1,7,0
381,0,0,0,0,0,2,0,0,0,0,0,0,0,0,0,0,0,0,0,0,0,0,0,0,0,0,0,0,0,0,0,0,0,0,0,0,0,0,0,0
382,1,0,0,0,0,0,0,0,1,0,0,2,6,0,0,0,0,0,0,0,0,0,8,0,0,0,0,0,0,0,0,2,0,0,0,0,0,0,2,0
383,3,0,0,1,0,0,0,0,1,0,0,2,1,0,3,2,0,0,1,0,0,15,1,0,3,10,6,0,0,0,0,13,1,1,1,3,0,1,4,1
384,1,0,0,0,0,0,0,0,0,0,0,0,0,0,1,3,0,0,0,0,0,0,2,0,0,0,0,0,0,0,3,3,0,6,0,0,0,5,0,3
385,0,0,0,0,0,0,0,0,0,1,2,0,0,0,0,0,0,0,0,0,0,0,0,0,12,0,0,0,0,2,0,1,0,0,0,0,1,0,1,3
386,25,0,0,1,2,1,0,1,0,0,0,0,0,6,0,7,0,0,0,0,1,0,14,0,5,0,0,0,0,0,0,1,0,11,1,0,0,0,2,0
387,0,0,0,0,0,0,0,0,0,0,3,0,0,0,0,0,0,0,0,0,1,0,0,0,0,0,0,0,0,3,0,7,0,0,0,0,1,0,5,0
388,1,0,0,0,0,0,0,0,0,0,0,0,0,3,1,2,0,0,0,1,5,1,1,0,0,0,0,0,0,0,0,3,0,2,0,0,0,0,0,1
389,0,0,0,0,0,0,0,0,1,2,0,1,2,0,0,0,0,4,0,0,0,0,2,0,0,0,0,0,1,0,0,6,0,0,0,0,3,0,0,0
390,10,0,0,0,1,0,0,1,0,0,0,0,0,0,0,0,0,2,0,0,3,0,1,0,4,0,0,0,0,0,0,4,0,0,0,0,0,0,0,8
391,3,0,0,0,0,0,1,0,0,0,0,0,0,3,1,0,0,0,1,0,1,2,0,0,0,0,0,0,0,0,0,2,0,3,0,3,0,0,1,0
392,5,0,1,0,2,0,0,2,1,10,0,0,0,0,0,2,0,0,2,0,0,0,3,0,0,0,0,0,0,3,0,6,4,7,1,0,0,0,0,2
393,0,0,0,0,0,0,0,0,1,0,2,0,0,0,0,0,0,1,0,0,0,0,1,0,0,0,0,0,0,0,0,2,0,0,0,0,0,0,3,1
394,0,0,0,0,0,0,2,0,0,2,0,0,0,0,2,0,0,0,0,0,0,0,0,0,0,0,0,0,0,0,0,0,0,0,0,0,0,0,2,0
395,0,0,3,3,3,0,1,3,0,0,3,0,0,0,0,0,0,0,1,0,3,0,18,0,12,0,0,6,0,0,0,5,0,14,0,1,0,6,0,0
396,0,0,2,1,3,0,1,3,0,0,1,0,0,0,2,0,0,0,2,0,1,0,0,8,0,0,0,0,0,0,0,0,0,1,13,0,0,0,2,0
397,3,0,2,0,0,1,0,0,1,4,1,1,3,0,0,0,0,3,0,0,0,1,13,0,1,0,1,8,5,6,0,12,0,0,0,0,5,0,3,3
398,0,0,0,0,0,0,0,0,2,2,0,0,4,0,2,2,10,3,3,0,0,2,0,0,8,3,5,0,1,0,0,9,0,0,0,0,0,0,2,0
399,0,0,0,0,0,1,0,0,0,0,0,0,0,2,2,0,4,0,1,0,0,2,0,0,0,2,0,0,0,0,0,5,0,0,0,1,0,2,2,0
400,2,0,0,0,0,0,0,0,0,2,0,0,0,0,1,0,0,0,0,0,0,0,0,0,0,0,0,0,0,0,0,1,0,2,0,0,0,0,0,0
401,0,0,0,0,0,0,0,0,4,0,0,0,0,0,0,0,4,1,1,2,0,1,0,0,2,0,3,0,0,1,0,8,0,0,0,2,0,0,0,1
402,0,0,0,0,0,0,0,0,0,0,0,0,0,0,0,0,0,0,0,0,0,0,0,0,0,0,0,0,0,0,0,2,0,0,0,0,0,0,4,0
403,0,0,0,0,0,0,0,0,0,2,0,0,0,0,2,0,0,0,0,0,0,0,0,0,0,0,0,0,0,0,0,0,0,0,0,0,0,0,2,0
404,0,0,0,0,6,9,1,8,2,0,1,1,0,1,0,3,0,0,0,0,4,0,10,0,1,0,0,0,0,0,0,7,0,5,0,0,2,0,7,0
405,0,0,0,0,0,0,0,0,2,0,0,1,0,0,1,0,0,0,2,0,0,1,1,0,0,0,1,0,0,0,0,7,3,1,0,3,1,1,8,1
406,0,0,0,0,0,0,0,0,0,0,0,0,0,0,0,0,0,0,0,0,0,0,0,0,0,0,0,0,0,0,0,0,0,0,0,0,0,0,3,0
407,0,0,2,0,0,0,0,0,1,3,0,1,1,0,0,0,0,1,0,0,0,0,3,0,0,0,0,2,4,0,0,8,0,0,3,0,7,0,0,1
408,1,0,0,0,0,0,0,0,0,0,0,0,0,0,0,0,0,0,0,0,0,4,0,0,0,0,0,0,0,0,0,1,0,1,0,0,0,0,7,0
409,0,0,0,0,0,0,0,0,1,1,0,2,0,0,0,0,0,1,3,0,0,0,1,0,0,0,0,0,0,0,0,0,0,0,0,0,1,0,1,0
410,0,39,6,9,10,0,3,50,1,1,0,1,0,0,1,18,0,0,4,18,0,0,3,0,0,0,0,8,0,1,1,0,0,2,4,1,1,0,1,0
411,0,0,0,0,3,4,0,0,1,0,3,3,0,0,0,0,2,1,0,0,0,0,0,0,2,0,0,0,4,0,0,4,0,0,0,0,1,0,7,0
412,0,0,0,0,0,0,0,0,0,1,0,0,0,0,0,0,1,0,1,0,0,1,0,0,0,0,0,0,0,0,0,0,1,0,0,1,0,0,3,0
413,3,0,0,0,0,1,0,0,1,0,0,2,0,0,0,0,0,0,0,0,0,0,0,0,0,0,0,0,0,0,0,2,0,2,0,0,1,0,3,0
414,0,0,0,0,1,3,0,0,0,0,0,0,1,0,0,0,0,0,1,0,0,0,3,0,7,0,0,0,0,0,0,6,8,2,1,0,0,0,0,6
415,0,0,0,0,0,0,0,0,1,0,0,4,2,0,0,0,0,0,0,0,0,0,0,0,0,2,0,0,0,0,0,3,0,1,0,0,2,0,3,0
416,0,0,0,0,0,1,0,0,0,5,4,0,0,0,0,0,0,8,1,0,0,0,1,0,0,2,2,1,2,0,0,2,0,0,0,2,1,0,0,1
417,0,0,0,0,0,0,0,0,0,0,0,0,0,0,0,0,0,0,4,0,0,0,0,0,0,0,0,0,0,0,0,2,2,0,0,0,0,0,0,0
418,2,0,0,0,0,0,0,0,0,0,0,0,0,2,2,0,0,0,0,0,2,0,0,0,0,0,0,0,0,0,0,0,0,2,0,2,0,0,0,0
419,0,0,0,0,0,0,0,0,0,0,0,0,0,0,0,0,0,0,2,0,0,0,0,0,0,0,0,0,0,0,0,0,0,0,0,0,0,0,0,0
420,1,0,0,0,0,1,0,0,1,3,0,2,3,0,0,0,0,0,0,0,0,0,2,0,0,0,0,0,0,0,0,3,0,0,0,0,0,0,0,0
421,2,0,0,0,1,1,0,0,1,0,0,1,0,0,0,0,0,0,0,2,0,0,0,0,0,0,0,0,0,2,0,3,0,2,0,0,0,0,4,0
422,3,0,2,0,2,4,1,2,1,1,0,5,0,0,1,0,0,0,0,0,0,0,1,0,5,0,0,0,0,1,0,9,0,12,0,0,1,13,2,2
423,1,0,0,2,2,1,0,0,0,0,0,0,3,0,0,1,0,0,0,0,0,0,2,0,2,0,0,0,0,0,0,4,0,2,0,5,0,0,1,1
424,8,0,0,0,0,0,2,0,0,0,0,0,0,1,2,0,0,0,0,0,3,3,0,0,0,0,0,0,0,0,0,2,0,8,2,1,0,0,4,0
425,17,0,1,4,3,0,2,0,1,0,0,0,0,0,0,1,0,0,1,1,0,0,9,0,14,0,0,0,0,0,0,0,0,15,0,0,0,0,0,0
426,0,0,0,0,0,2,0,0,0,0,0,0,0,0,0,0,0,0,0,0,0,0,0,0,0,0,0,0,0,0,0,0,0,0,0,0,0,0,0,0
427,4,0,0,0,0,0,0,0,0,0,0,0,2,0,0,0,0,0,1,0,3,0,0,0,0,0,0,0,0,0,0,1,0,3,0,0,0,0,0,0
428,3,0,0,0,0,1,0,0,0,0,0,0,0,0,1,0,0,0,0,1,4,0,0,0,0,0,0,0,0,0,0,1,0,3,0,0,0,0,0,4
429,1,0,0,0,0,0,0,0,0,0,0,0,0,0,0,0,0,0,0,0,0,0,0,0,0,0,0,0,0,0,0,3,0,3,0,0,0,0,2,0
430,0,0,1,0,0,0,1,0,0,0,0,0,0,1,0,0,0,0,0,0,0,0,0,0,0,0,0,0,0,0,0,1,0,0,0,0,0,2,0,0
431,2,0,0,0,0,1,1,0,1,0,0,3,1,0,2,0,0,0,0,0,0,0,0,0,0,0,0,0,1,0,0,4,0,4,0,0,0,0,3,0
432,0,0,0,1,1,1,0,1,2,0,0,0,1,2,4,0,2,0,0,0,0,0,0,0,2,3,10,5,0,3,0,1,0,0,0,0,0,0,11,0
433,0,0,0,0,0,0,0,0,1,0,0,1,3,0,1,0,0,1,2,1,0,2,1,0,0,0,1,0,0,1,0,10,1,1,0,2,0,0,0,1
434,0,0,1,0,2,2,0,2,0,0,2,0,0,0,1,0,0,3,0,0,0,0,3,0,2,0,1,2,0,0,0,7,1,1,0,0,0,0,9,0
435,5,0,2,0,0,0,2,0,0,0,0,0,1,0,1,0,0,0,0,0,0,0,0,0,0,0,0,0,0,0,0,3,0,4,0,1,2,0,3,0
436,0,0,0,0,0,0,0,0,1,0,0,2,1,0,0,0,0,0,1,0,0,0,0,0,0,1,0,0,0,0,0,2,0,1,0,0,1,0,2,0
437,0,0,0,1,2,1,0,0,0,0,0,0,0,0,0,0,0,0,3,0,0,0,4,0,0,0,0,0,0,0,0,2,0,1,1,0,0,0,0,0
438,2,0,0,0,2,2,0,2,0,0,0,0,0,0,0,0,0,0,0,0,0,0,0,0,0,0,0,0,0,2,0,0,0,2,0,0,0,0,2,0
439,0,0,0,0,0,0,0,0,0,0,0,0,0,0,0,0,0,0,2,0,0,0,0,0,0,0,0,0,0,0,0,1,0,0,0,0,0,0,0,0
440,0,4,0,1,1,0,0,5,1,3,0,1,0,0,0,0,0,0,1,0,0,0,2,0,0,0,0,0,1,0,0,0,0,1,0,0,1,0,3,0
441,0,0,0,0,0,0,0,0,0,0,3,0,0,0,1,0,0,0,2,0,0,0,2,0,0,0,1,0,0,0,0,7,3,2,0,0,0,0,6,1
442,0,0,0,0,1,0,0,0,0,0,0,0,0,0,0,1,0,0,0,0,0,0,5,0,0,0,0,0,0,0,0,2,1,5,0,0,0,0,4,2
443,0,0,0,0,2,0,0,2,0,0,0,0,0,0,0,0,0,0,2,2,0,0,2,0,0,0,0,0,0,0,0,0,0,2,0,0,2,0,0,2
444,2,0,2,2,3,0,0,3,0,0,5,0,0,0,2,0,1,1,2,0,0,0,9,0,1,1,0,0,1,0,0,7,1,8,0,1,0,0,7,2
445,0,0,0,0,0,0,0,0,5,1,0,0,1,0,0,4,8,1,1,6,0,7,0,0,0,0,0,0,0,0,2,11,0,0,0,4,0,0,2,2
446,0,0,0,0,0,0,0,0,2,0,0,1,0,0,2,0,0,0,4,0,0,0,1,0,0,0,0,0,2,0,0,9,3,1,0,4,8,4,8,1
447,0,0,1,0,0,0,0,0,1,2,0,0,0,0,0,0,0,0,0,0,0,0,7,0,9,0,0,0,0,0,0,0,0,6,0,0,0,0,0,4
448,2,0,0,0,1,1,0,0,1,0,0,2,1,0,2,0,0,0,0,0,0,0,0,0,0,0,0,0,1,0,0,4,0,2,0,0,0,0,0,0
449,0,0,0,0,0,0,0,0,2,2,0,2,0,0,0,0,0,0,4,0,0,0,0,0,0,5,5,0,2,0,0,9,0,0,0,0,9,2,0,1
450,0,0,0,0,1,0,0,0,0,0,0,0,0,0,0,0,0,0,3,0,0,4,0,0,0,0,0,0,0,0,0,5,0,0,0,2,0,0,0,1
451,0,0,0,0,0,0,0,0,0,0,0,0,0,0,0,0,0,0,6,0,0,0,0,0,2,0,0,0,0,0,0,4,0,0,0,0,0,1,0,0
452,4,0,0,0,0,0,2,0,0,0,0,0,0,1,3,1,0,0,1,0,2,0,4,0,0,0,0,0,0,0,0,1,0,6,3,0,0,0,1,3
453,0,0,0,0,0,0,0,0,1,0,0,0,0,0,0,0,0,0,0,0,0,0,0,0,0,0,0,0,0,0,2,3,0,0,0,0,0,0,0,0
454,9,0,0,0,0,0,0,0,0,0,0,0,0,0,0,0,0,0,1,0,0,0,0,0,1,0,0,0,0,0,0,1,0,6,1,0,0,3,0,0
455,4,0,0,0,1,0,0,1,0,0,0,0,1,1,0,0,0,0,0,0,0,1,0,0,0,0,0,0,0,0,0,3,0,4,0,0,0,0,4,0
456,0,0,0,2,1,0,0,0,0,0,0,0,0,0,0,0,2,7,14,0,0,0,2,0,1,4,7,0,0,0,0,12,0,0,0,0,0,0,0,4
457,3,0,0,0,0,0,0,0,0,0,0,0,0,0,3,0,0,0,0,0,0,0,0,0,0,0,0,0,0,0,0,3,0,3,2,0,0,0,3,0
458,0,0,0,0,0,1,0,0,0,0,0,0,1,7,0,0,7,7,0,0,0,0,1,0,0,0,3,1,0,0,0,4,0,0,0,0,0,0,0,0
459,0,0,0,0,2,0,0,2,0,2,0,0,0,0,0,0,0,0,0,0,0,0,6,0,0,0,0,0,0,0,0,0,0,0,0,0,2,0,2,0
460,0,0,1,0,0,0,0,0,2,0,0,1,0,0,0,0,0,0,2,0,0,0,0,0,1,0,0,0,6,2,0,5,0,0,0,0,2,0,0,0
461,2,0,1,0,0,0,0,0,1,0,0,1,1,0,3,0,0,0,1,0,0,0,0,0,0,0,0,0,1,0,0,3,0,2,0,0,1,0,3,0
462,1,0,0,0,1,0,0,1,1,4,0,1,0,0,1,0,0,0,0,0,0,0,0,0,0,0,0,0,0,2,0,0,0,2,1,0,1,1,0,0
463,0,0,0,0,0,0,0,0,0,0,0,0,0,0,0,0,0,0,2,0,0,0,0,0,0,0,0,0,0,0,0,0,0,0,0,0,0,0,0,0
464,0,0,0,0,4,4,0,3,1,0,0,0,0,0,0,0,0,0,3,0,0,0,8,0,2,0,0,1,0,0,0,4,2,6,1,1,0,0,2,1
465,0,0,0,0,0,2,0,0,1,0,0,2,1,0,3,0,0,0,0,0,0,0,0,0,0,0,0,0,1,0,0,3,0,2,0,0,1,0,4,0
466,0,0,2,0,0,0,0,0,0,0,0,0,0,0,0,0,0,0,0,0,0,0,0,0,2,0,0,0,0,0,0,1,1,0,0,0,0,0,6,0
467,0,0,0,0,0,0,0,0,1,4,0,1,0,0,0,0,0,0,1,0,0,0,3,0,0,0,0,0,0,4,0,4,3,3,1,0,2,0,0,1
468,0,0,0,0,0,0,0,0,1,5,0,1,0,0,0,0,0,0,1,0,0,0,0,0,0,3,6,0,0,0,0,7,0,0,0,0,6,0,0,0
469,1,0,1,0,0,0,1,0,4,4,1,1,0,0,0,0,0,0,0,0,0,0,3,0,2,0,0,3,0,0,2,8,0,4,1,0,0,0,0,0
470,4,0,0,0,0,0,3,0,0,0,0,0,3,0,0,0,0,0,1,0,0,0,0,0,0,0,0,0,0,0,0,3,0,4,0,0,0,0,4,0
471,3,0,0,0,0,0,0,0,0,0,0,0,0,2,6,0,0,0,0,0,1,0,0,0,0,0,0,0,0,0,0,3,0,3,0,1,0,0,2,0
472,0,0,0,0,0,0,0,0,0,2,0,0,0,0,0,0,0,0,0,1,0,0,0,0,0,0,0,0,0,0,0,0,0,0,0,2,0,0,0,0
473,0,0,0,0,1,0,0,0,2,0,2,0,0,0,0,0,0,3,3,0,0,0,5,0,0,2,3,1,0,0,0,4,0,2,0,0,0,0,0,2
474,1,0,0,0,0,0,0,0,0,2,0,0,0,0,0,0,0,0,0,0,0,0,0,0,1,0,0,0,0,0,0,1,0,1,1,0,0,0,0,0
475,0,0,0,0,0,0,0,0,0,0,0,0,0,0,0,0,0,0,1,0,0,0,0,0,0,0,0,0,0,1,0,2,0,0,0,0,0,0,0,0
476,1,0,0,0,1,0,0,0,0,1,0,0,0,4,0,0,0,0,6,1,0,1,0,0,2,0,0,0,0,0,0,7,0,1,0,1,0,0,0,1
477,3,0,0,0,0,0,1,0,0,0,0,0,0,0,2,0,0,0,0,0,2,2,0,0,0,0,0,0,0,0,0,1,0,4,0,1,0,0,4,0
478,1,0,0,0,0,0,0,0,0,0,0,0,0,7,0,2,0,0,1,2,3,0,1,0,0,0,0,0,0,0,0,2,0,2,0,0,0,0,0,2
479,0,0,0,1,4,1,3,2,0,1,8,0,0,0,0,0,0,0,15,3,0,0,7,0,3,0,0,0,0,1,0,10,11,7,1,0,2,0,2,2
480,2,0,0,0,0,0,0,0,0,0,0,0,0,1,4,0,0,0,0,0,2,2,0,0,0,0,0,0,0,0,0,2,0,2,0,1,0,0,1,0
481,0,0,1,0,0,0,0,0,0,0,0,0,0,1,0,0,0,0,5,0,0,0,0,0,0,0,0,0,0,0,0,4,0,0,0,1,0,0,0,0
482,0,0,0,0,0,0,0,0,1,8,0,0,0,0,0,1,0,0,1,2,0,0,0,0,0,0,0,1,0,0,0,5,0,0,0,2,0,0,0,0
483,0,0,1,0,0,0,0,0,1,1,1,0,0,0,0,0,0,0,0,0,0,0,0,0,0,1,0,0,0,0,0,0,0,0,0,0,0,0,1,0
484,0,0,1,0,0,0,0,0,0,0,0,0,0,0,1,0,0,0,0,0,0,0,1,0,0,0,0,0,0,0,3,1,0,0,0,0,0,0,0,0
485,2,0,0,0,1,0,0,0,0,0,0,0,0,0,0,0,0,0,1,0,0,0,0,0,2,0,0,0,0,0,2,3,0,0,0,0,0,0,0,1
486,1,0,0,1,0,0,0,0,0,0,0,0,0,0,0,0,0,0,1,0,0,0,2,0,1,0,0,0,0,0,1,5,0,1,0,0,0,0,1,1
487,3,0,0,0,0,1,0,0,1,2,0,2,2,0,0,0,0,0,0,0,0,0,3,0,0,0,0,0,0,0,0,2,0,3,0,0,0,0,2,0
488,0,0,0,2,3,1,0,1,0,0,0,0,0,0,0,0,0,0,0,0,0,0,3,0,0,0,0,3,0,1,0,3,0,0,0,0,0,0,0,1
489,0,0,0,0,0,0,0,0,1,9,0,2,0,0,1,0,0,0,2,1,0,1,5,0,0,0,2,1,0,0,0,8,7,5,0,0,2,0,5,2
490,1,0,0,0,0,0,0,0,0,0,0,0,0,0,0,0,0,0,1,0,0,2,0,0,0,1,1,0,0,0,0,2,0,3,1,0,0,1,3,0
491,0,0,0,0,0,5,1,0,2,3,0,1,8,0,0,0,2,2,0,0,0,0,0,0,0,1,0,0,0,0,3,3,0,0,0,0,5,0,1,0
492,1,0,0,1,0,0,0,0,0,0,0,0,0,0,0,1,0,0,0,0,0,0,0,0,0,0,0,0,0,0,0,1,0,1,0,0,0,1,4,2
493,0,0,0,3,3,0,2,3,1,0,1,1,0,0,0,2,0,0,1,0,0,0,12,0,0,0,0,2,0,0,0,0,0,9,0,0,1,0,2,0
494,0,0,0,3,0,2,0,0,1,0,1,0,1,0,0,0,11,1,0,0,0,1,0,0,0,0,0,0,0,0,0,2,0,0,0,0,0,0,1,1
495,2,0,0,0,2,0,0,2,0,2,0,0,0,0,0,0,0,0,0,0,0,0,0,0,0,0,0,0,0,2,0,0,0,2,0,0,0,0,0,0
496,4,0,1,0,0,0,0,0,0,0,0,0,0,12,0,3,1,0,0,0,0,0,0,0,1,0,0,0,0,0,0,8,0,6,0,8,0,0,1,0
497,0,0,0,0,0,0,0,0,0,0,0,0,0,0,0,0,0,0,0,0,0,0,0,0,0,0,0,0,0,0,0,2,0,0,0,0,0,0,3,0
498,0,0,1,0,0,0,0,0,1,0,0,2,0,0,0,0,0,0,3,0,0,0,0,0,0,0,0,0,0,0,0,0,0,0,0,0,1,0,2,0
499,4,0,0,0,1,1,0,1,0,0,0,0,1,0,2,0,0,0,0,0,0,0,0,0,0,0,0,0,0,0,0,1,0,4,0,1,0,0,4,0
500,1,0,0,0,0,0,0,0,0,0,0,0,2,0,0,0,0,0,0,0,0,0,0,0,0,0,0,0,0,0,0,3,0,1,0,4,0,0,2,0
501,3,0,0,0,0,4,0,0,1,1,0,3,0,0,2,0,0,0,0,0,0,0,1,0,2,0,0,0,0,1,0,5,0,11,1,0,1,8,2,4
502,0,0,0,0,0,0,0,0,1,0,0,2,4,0,0,0,0,0,0,0,0,0,7,0,0,0,0,0,0,0,0,3,0,0,0,0,1,0,2,1
503,0,0,0,0,0,0,0,0,1,0,0,0,0,0,0,0,0,0,0,0,0,0,0,0,1,0,0,0,0,0,0,2,0,0,0,0,0,0,1,3
504,0,0,0,0,0,0,0,0,0,0,0,0,0,0,0,0,0,0,3,0,0,0,0,0,4,0,0,0,0,0,0,1,0,0,0,0,0,7,0,2
505,1,0,0,0,0,0,0,0,0,0,0,0,0,0,1,0,0,0,0,0,0,0,0,0,0,0,0,0,0,0,0,1,0,1,0,0,0,0,2,0
506,0,0,0,0,0,0,0,0,1,0,0,2,0,0,0,0,0,0,6,0,0,0,0,0,0,0,0,0,0,0,0,2,0,0,0,0,1,0,0,0
507,0,0,0,1,0,0,0,0,0,0,0,0,0,0,0,0,0,0,2,0,0,0,1,2,0,0,0,0,0,0,0,2,0,9,0,0,0,0,3,2
508,0,0,0,0,0,2,0,0,0,0,0,0,0,0,0,0,0,0,0,0,0,0,0,0,0,0,0,0,0,0,0,0,0,0,0,0,0,0,0,0
509,0,1,2,0,2,3,0,0,1,0,0,0,0,0,0,0,0,1,7,1,0,0,7,0,1,0,1,1,0,0,0,4,0,6,0,0,0,0,0,1
510,0,0,0,3,4,0,0,0,0,0,0,0,0,0,0,0,0,0,1,0,0,0,0,6,0,0,0,0,0,0,0,2,0,6,0,0,0,0,4,0
511,0,0,0,0,0,2,0,0,0,0,0,0,0,0,0,0,0,0,0,0,0,0,0,0,0,0,0,0,0,0,0,0,0,0,0,0,0,0,0,0
512,1,0,0,0,0,0,0,0,1,0,0,2,0,0,1,0,0,0,0,1,0,0,0,0,0,0,0,0,0,1,0,2,0,1,0,0,1,0,5,1
513,3,0,0,0,0,0,0,0,1,0,2,1,0,0,0,0,0,1,1,0,1,0,0,0,0,0,0,2,0,0,0,1,0,3,0,0,0,0,0,3
514,5,0,0,1,2,0,0,1,0,0,0,0,0,0,1,0,0,0,0,0,0,0,1,0,0,0,0,0,1,0,0,1,0,5,0,0,0,0,4,2
515,2,0,0,0,2,0,0,2,0,4,0,0,0,0,0,0,0,0,0,0,0,0,0,0,0,0,0,0,0,2,0,0,0,2,0,0,0,0,0,0
516,0,0,2,1,1,0,0,0,0,0,0,0,0,0,0,0,1,3,7,0,0,0,3,0,3,0,1,0,0,0,0,6,0,1,1,0,0,0,0,2
517,0,0,0,0,0,0,0,0,0,0,3,0,0,0,0,0,1,5,4,0,0,0,0,0,2,2,7,0,1,0,0,3,0,0,0,0,0,0,6,4
518,0,0,0,0,0,0,0,0,0,0,0,0,0,0,0,0,0,0,0,0,0,0,0,0,0,0,0,0,0,0,0,0,0,0,0,0,0,0,0,0
519,2,0,6,0,25,25,7,77,1,3,0,1,0,0,2,4,0,0,0,0,0,0,0,245,0,0,0,0,0,0,1,0,0,3,20,0,5,4,11,0
520,2,0,0,0,0,0,0,0,0,2,0,0,0,0,0,0,0,0,0,0,0,0,0,0,1,0,0,0,0,0,0,1,0,1,0,0,0,0,0,0
521,0,0,2,4,1,1,2,1,0,0,9,0,0,0,0,0,0,0,3,0,4,0,34,0,14,0,0,3,0,0,0,2,0,6,2,1,0,6,1,0
522,1,0,0,0,0,0,0,0,2,0,1,0,0,0,0,2,0,0,0,0,6,0,0,0,0,0,0,1,0,0,0,7,1,1,0,0,0,0,0,1
523,2,0,0,0,0,0,0,0,0,0,0,0,0,2,2,0,0,0,0,0,2,2,0,0,0,0,0,0,0,0,0,0,0,2,0,0,0,0,0,0
524,0,0,0,0,0,0,0,0,0,0,0,0,0,0,1,0,0,0,2,0,0,0,0,0,0,0,0,0,1,0,0,2,2,0,0,1,0,0,0,0
525,0,0,0,0,0,0,0,0,1,1,0,1,0,0,0,0,0,0,1,0,0,1,0,0,0,1,1,0,0,0,0,2,0,0,0,0,4,0,0,0
526,0,0,0,1,1,1,0,1,0,0,0,0,4,0,5,4,0,0,0,3,0,2,1,0,0,0,3,0,0,0,3,9,0,0,0,5,0,0,0,5
527,0,0,0,0,0,0,0,0,1,0,0,3,0,0,0,0,0,0,0,0,0,0,0,0,0,6,4,0,0,0,0,8,0,0,0,0,5,1,9,0
528,0,0,0,1,0,1,0,0,1,1,0,0,0,0,0,1,0,3,13,2,0,0,2,0,6,0,0,4,0,0,0,9,0,2,1,0,0,0,1,2
529,0,0,0,0,0,0,0,0,1,0,0,0,0,1,0,0,0,0,3,2,0,0,0,0,1,0,0,0,0,0,0,1,0,0,0,0,0,0,0,0
530,0,0,0,0,0,1,1,0,1,0,0,2,2,0,4,1,0,0,0,0,0,0,2,0,0,0,0,0,3,0,0,2,0,0,1,0,0,0,2,1
531,0,0,0,0,0,1,1,0,1,0,0,1,3,0,1,0,0,0,0,0,0,0,3,0,0,0,0,0,1,0,0,3,0,0,0,0,3,0,2,0
532,3,0,0,0,0,0,0,0,1,0,0,1,0,0,1,0,0,0,0,0,0,0,0,0,0,0,0,0,1,0,0,2,0,3,2,0,0,0,3,0
533,0,0,0,0,2,0,0,2,1,0,1,5,2,0,4,1,0,2,1,0,0,0,5,0,1,3,2,1,0,1,0,6,0,3,0,0,1,0,7,1
534,0,0,0,0,0,0,0,0,1,1,4,0,0,0,0,0,0,0,0,0,0,0,0,0,0,0,0,0,0,0,3,4,0,0,0,0,1,1,1,0
535,0,0,1,0,0,0,0,0,0,3,0,0,0,0,4,1,0,0,1,0,0,0,9,0,0,0,0,0,0,0,0,0,0,0,0,0,0,5,2,5
536,2,0,0,0,0,0,1,0,1,0,0,2,1,0,2,0,0,0,0,0,0,0,0,0,0,0,0,0,1,0,0,3,0,2,0,0,1,0,3,0
537,0,0,0,0,0,0,1,0,0,1,0,0,6,0,0,0,0,0,0,0,0,0,9,0,0,0,0,0,0,0,1,1,0,0,0,0,0,0,1,0
538,1,0,0,0,0,0,0,0,1,0,0,0,0,0,0,0,0,0,0,0,0,0,0,0,1,0,0,0,0,0,1,7,0,0,0,0,0,0,1,0
539,0,0,0,0,0,2,0,0,0,0,0,0,0,2,0,0,1,0,1,0,0,0,0,0,1,1,1,0,0,0,0,4,0,0,0,1,0,0,0,0
540,0,0,1,0,3,0,1,0,0,0,0,0,5,0,3,0,4,2,7,0,0,1,5,0,3,0,0,0,0,2,0,17,0,0,0,4,0,0,0,7
541,0,0,1,0,0,3,0,0,2,17,5,3,1,0,0,0,0,5,0,0,0,0,15,0,5,0,0,5,6,1,0,17,0,0,1,0,5,1,0,10
542,3,0,0,0,0,0,0,0,0,0,0,0,0,0,0,0,0,0,0,0,0,0,0,0,0,0,0,0,0,0,0,5,0,2,0,0,0,0,0,0
543,19,0,0,0,2,0,5,1,0,0,0,0,0,0,0,3,0,0,0,0,3,0,0,0,0,0,0,0,0,0,0,3,5,19,0,0,0,2,16,0
544,2,0,0,0,0,0,0,0,0,0,0,0,0,2,0,0,0,0,0,0,0,0,0,0,0,0,0,0,0,0,0,0,0,2,0,2,0,0,0,0
545,0,0,0,0,0,3,2,0,1,1,0,6,0,0,2,0,0,0,0,0,0,0,1,0,6,0,0,0,0,2,0,10,0,11,1,0,2,12,2,4
546,3,0,0,1,8,6,0,1,3,1,0,0,0,0,1,1,0,1,0,3,0,0,9,0,6,0,2,11,0,8,7,2,0,10,0,0,0,0,2,1
547,0,0,0,0,0,0,0,0,1,0,5,0,0,0,0,0,0,0,1,0,0,0,0,0,0,0,0,0,0,0,1,10,0,0,0,0,1,2,2,0
548,0,0,0,0,0,0,0,0,1,0,0,0,1,0,0,0,3,2,0,0,0,0,0,0,1,1,2,3,0,2,4,7,0,0,0,2,0,0,0,0
549,0,0,1,2,2,0,0,2,1,3,3,1,0,0,0,3,0,0,0,0,0,0,8,0,0,0,0,0,0,0,0,0,0,6,0,0,2,0,0,0
550,3,0,0,0,0,0,1,0,0,0,0,0,0,1,2,0,0,0,0,0,2,2,0,0,0,0,0,0,0,0,0,1,0,3,0,1,0,0,2,0
551,1,0,0,0,1,1,0,1,0,0,1,0,0,0,0,0,0,0,1,0,3,0,2,0,0,0,0,0,0,0,0,2,0,2,0,0,0,0,0,1
552,0,4,0,1,1,0,0,5,1,0,0,1,0,0,0,1,0,0,0,1,0,0,1,4,0,0,0,1,0,0,3,0,0,1,0,0,1,0,0,0
553,0,0,0,0,0,0,0,0,0,0,1,0,1,0,0,0,0,1,0,0,0,0,1,0,0,0,0,0,0,0,0,2,0,0,0,0,0,3,1,1
554,2,0,0,0,0,0,0,0,0,0,0,0,0,0,0,0,0,0,1,0,0,0,0,0,0,0,0,0,0,0,0,2,0,2,0,0,0,0,3,0
555,0,24,11,6,6,0,5,32,1,8,0,1,0,1,0,6,0,0,0,6,0,0,6,22,0,0,0,6,0,0,0,0,0,6,0,0,1,0,0,0
556,0,0,0,0,0,0,0,0,0,0,0,0,0,4,0,0,1,0,1,0,0,1,0,0,1,0,0,0,0,0,0,1,0,0,0,2,0,0,0,0
557,0,0,0,0,0,2,0,0,1,1,0,0,2,0,0,0,0,0,0,0,0,0,0,0,0,0,0,0,0,0,0,0,0,0,0,0,0,1,0,1
558,0,0,0,0,0,1,0,0,0,0,0,2,0,0,2,1,0,0,0,2,1,0,0,0,10,0,1,0,0,0,1,3,0,0,0,2,0,0,0,2
559,0,0,0,0,1,0,0,1,1,0,1,1,1,0,0,0,1,0,3,0,0,2,0,0,1,1,5,0,0,0,3,1,0,0,0,0,2,1,0,0
560,0,0,1,0,0,0,0,0,0,0,1,0,0,0,0,0,0,0,3,0,0,0,7,0,0,0,0,0,0,0,0,0,0,3,1,3,0,0,1,0
561,6,0,3,0,0,0,3,0,0,0,0,0,0,0,0,0,0,0,0,0,0,0,0,0,0,0,0,0,0,0,0,3,0,7,0,0,0,0,3,0
562,0,0,0,1,5,2,0,5,1,0,0,0,0,0,0,0,1,0,1,0,0,0,12,0,0,0,0,2,0,4,1,5,0,10,1,0,0,0,1,2
563,0,0,0,0,0,0,0,0,0,0,0,0,0,0,0,0,0,0,0,0,0,0,0,0,0,1,0,0,0,0,0,1,0,3,0,1,0,0,2,0
564,2,0,0,0,0,0,0,0,0,0,0,0,0,2,2,0,0,0,0,0,0,0,0,0,0,0,0,0,0,0,0,0,0,2,0,2,0,0,2,0
565,0,0,0,0,0,0,0,0,0,0,0,0,0,0,0,0,0,0,4,0,0,0,0,0,2,0,0,0,0,0,0,4,0,0,0,0,0,1,0,0
566,4,0,0,0,0,0,0,0,0,0,0,0,0,2,1,0,0,0,0,0,0,0,0,0,0,0,0,0,0,0,0,1,0,4,0,1,0,0,3,0
567,0,0,1,0,0,0,0,0,1,1,0,1,0,0,0,0,0,0,3,0,0,0,2,2,0,0,0,0,0,0,0,0,0,0,1,0,1,0,1,0
568,0,0,0,0,0,0,0,0,0,3,0,0,1,0,0,0,0,0,4,0,0,3,1,0,0,2,8,0,0,0,0,11,7,1,0,2,0,0,4,1
569,3,0,0,1,0,0,0,0,0,0,0,0,0,0,0,0,0,0,4,0,0,5,0,0,0,0,1,0,0,0,0,5,5,1,0,0,0,0,0,3
570,7,0,8,0,0,0,1,1,0,0,0,0,5,0,0,0,0,0,3,0,3,0,0,0,0,1,0,0,0,0,0,1,0,7,1,0,0,0,0,0
571,0,0,0,0,3,5,1,0,1,4,1,7,7,0,1,0,4,0,1,0,0,0,2,0,2,0,2,0,2,1,0,11,0,0,0,0,0,0,2,3
572,0,0,1,4,1,1,0,0,1,0,0,0,5,0,0,0,2,0,0,6,0,0,4,0,0,0,1,0,0,0,0,2,0,1,0,1,0,0,0,4
573,0,0,0,0,1,0,0,1,0,0,0,0,0,0,0,0,0,0,5,0,0,0,0,0,0,1,2,0,0,0,0,3,0,0,0,5,0,0,4,0
574,0,0,0,0,0,0,0,0,1,0,0,2,0,0,2,0,0,0,2,0,0,0,0,0,0,0,0,0,0,3,0,1,0,0,0,0,0,0,0,0
575,0,0,0,0,0,0,0,0,0,0,0,0,0,0,1,0,0,0,0,0,0,0,0,0,0,0,0,0,1,0,0,1,0,1,0,0,0,0,1,0
576,1,0,0,0,0,1,0,0,3,0,0,1,1,0,4,0,1,0,0,0,0,1,2,0,0,0,0,0,3,0,0,2,0,2,0,5,1,0,0,2
577,0,0,0,0,0,1,1,0,1,0,0,2,1,0,1,1,0,0,0,0,0,0,1,0,0,0,0,0,2,0,0,2,0,0,0,0,0,0,2,0
578,0,0,0,0,0,0,0,0,0,1,0,0,3,0,0,0,0,0,3,0,0,0,6,0,0,1,0,0,1,0,0,0,0,0,0,0,0,0,1,0
579,0,0,0,0,0,0,0,0,1,2,0,2,6,0,0,0,0,0,0,0,0,0,7,0,0,0,0,0,0,0,0,3,0,0,0,1,2,0,0,0
580,0,0,0,0,1,1,0,0,3,3,1,3,5,0,0,0,1,1,1,0,0,1,3,0,3,2,2,0,2,2,0,6,0,0,0,0,7,2,0,2
581,0,0,0,0,0,0,0,0,1,0,0,3,0,0,0,1,1,1,0,0,0,0,0,0,0,0,0,0,0,0,0,4,2,0,0,4,0,0,4,1
578
crude
,000,18,1986,50,barrel,barrels,billion,bpd,company,corp,crude,day,dlrs,ecuador,energy,exploration,gas,government,gulf,industry,iran,iranian,lt,market,minister,mln,new,official,oil,opec,output,pct,petroleum,price,prices,production,said,saudi,today,year
0,0,0,0,0,0,0,0,0,2,1,0,0,1,0,0,1,4,0,0,0,0,0,1,0,0,1,0,0,1,0,0,1,0,0,0,1,2,0,0,1
1,0,0,0,0,0,0,6,0,1,0,0,0,0,0,0,0,0,0,0,0,0,0,2,0,0,0,1,0,0,0,0,0,0,0,0,0,5,0,1,1
2,1,0,0,0,1,9,0,0,0,0,7,0,0,0,1,0,0,0,0,0,0,0,0,1,0,10,0,0,3,0,0,0,1,0,2,0,8,0,0,1
3,0,0,0,2,2,0,0,0,0,0,2,0,2,0,0,0,0,0,0,0,0,0,0,0,0,0,0,0,2,0,0,0,0,0,2,0,0,0,0,0
4,1,0,0,0,0,2,1,0,0,0,0,0,3,0,0,0,6,0,0,0,0,0,2,0,0,4,0,0,5,0,0,2,0,0,0,0,3,0,0,1
5,1,0,0,1,3,1,0,0,2,1,5,1,2,0,0,0,0,1,0,0,0,0,3,1,0,0,2,0,6,0,0,0,0,0,1,0,8,0,0,0
6,0,0,1,1,1,1,0,0,0,1,1,1,3,0,0,0,0,3,0,0,0,0,1,0,0,3,0,0,4,0,0,0,3,0,0,0,1,0,0,0
7,0,0,0,0,0,0,0,0,0,0,2,0,2,0,0,0,0,0,0,0,0,0,0,0,0,0,0,0,0,0,0,0,0,0,2,0,0,0,0,0
8,0,0,0,2,4,0,0,0,1,3,2,1,3,0,0,0,0,0,0,0,0,0,3,0,0,0,0,0,3,0,0,0,1,0,4,0,2,0,0,0
9,1,0,1,0,0,0,0,0,0,0,2,0,0,0,0,0,0,5,0,2,0,0,0,0,1,2,0,0,4,0,0,3,0,0,0,0,8,0,1,1
10,3,0,0,3,1,0,0,2,4,1,1,1,1,0,0,0,0,0,0,0,0,0,1,1,0,1,1,0,2,0,0,0,1,0,1,0,8,0,0,1
11,0,2,1,0,2,0,0,1,0,0,0,0,2,0,1,0,0,0,0,0,0,0,0,1,1,1,1,0,5,2,0,0,1,2,5,4,2,5,0,0
12,0,0,2,0,0,1,1,0,1,0,1,0,5,0,0,7,6,0,0,0,0,0,2,0,0,8,0,0,10,0,0,3,1,2,2,2,9,0,0,6
13,0,0,0,0,0,0,0,0,0,0,1,0,0,0,1,0,0,0,3,0,0,1,0,2,1,0,0,0,2,0,0,0,0,1,0,0,1,0,0,0
14,0,0,5,1,2,0,17,0,0,0,0,0,1,0,0,0,0,5,0,0,0,0,0,1,0,7,0,0,10,0,0,0,0,2,1,2,3,0,0,10
15,2,0,0,0,0,2,0,0,0,0,0,0,2,0,0,0,2,0,0,0,0,0,1,0,0,2,0,0,2,0,0,1,0,0,1,0,4,0,0,2
16,0,0,0,1,0,3,0,0,1,2,0,2,0,0,3,0,1,0,0,0,0,0,8,0,0,0,0,0,7,0,0,6,0,0,0,2,5,0,0,1
17,0,0,0,0,0,0,0,0,0,0,0,0,0,0,0,0,0,0,0,0,0,2,0,0,0,0,0,0,2,0,0,0,0,0,0,0,0,0,0,0
18,0,0,0,0,0,0,0,0,0,0,0,0,0,0,0,0,0,0,0,0,0,0,0,0,0,0,2,0,3,0,0,0,0,0,0,0,3,0,1,0
19,3,0,0,1,0,5,0,2,0,0,6,1,0,8,3,0,0,0,0,0,0,0,0,0,1,4,0,0,4,1,1,0,1,0,0,0,4,0,1,0
20,0,0,0,0,0,1,0,0,2,1,0,1,0,0,2,0,0,0,0,0,0,0,1,0,0,0,0,0,1,0,0,1,0,0,0,0,3,0,0,0
21,0,0,0,0,0,1,0,6,0,0,3,1,0,0,2,0,0,0,0,0,0,0,0,0,0,14,0,0,3,0,0,8,2,0,0,1,6,0,0,7
22,0,0,1,0,0,0,0,0,0,0,1,0,0,0,3,1,0,3,0,1,0,0,0,0,0,0,0,0,12,2,0,5,2,2,2,0,9,0,0,0
23,1,0,0,0,0,4,0,0,3,0,5,1,0,0,0,0,1,0,0,0,2,5,0,2,0,3,1,5,6,1,1,2,0,7,3,0,8,0,0,0
24,2,0,1,0,0,1,0,3,0,0,0,1,0,0,0,0,0,1,3,1,2,0,1,0,0,1,1,0,2,0,0,1,0,0,0,2,8,0,0,0
25,0,0,0,0,0,0,0,0,0,0,0,0,0,0,0,0,0,1,0,0,0,0,0,0,0,0,0,0,2,0,0,0,0,0,0,0,1,0,1,0
26,0,0,0,0,0,0,0,0,0,0,1,0,0,0,1,0,1,0,0,0,0,0,0,0,0,0,0,0,5,0,0,0,1,0,0,2,5,0,0,0
27,0,0,0,2,0,0,0,0,0,0,2,0,2,0,0,0,0,0,0,0,0,0,0,0,0,0,0,0,2,0,0,0,0,0,0,0,0,0,0,0
28,0,0,0,0,0,0,0,0,0,0,0,0,0,0,0,0,0,0,0,0,0,0,0,0,0,0,0,0,0,0,0,0,0,0,0,0,0,0,0,0
29,0,2,6,3,2,0,6,0,0,1,2,0,7,0,2,2,3,3,0,10,0,0,5,1,0,0,0,0,18,1,0,13,4,1,7,1,10,0,1,8
30,0,0,0,0,0,0,0,0,0,0,0,0,0,0,0,0,0,0,0,0,4,4,0,0,0,0,0,3,2,0,0,0,0,0,0,0,2,0,0,0
31,0,0,0,0,0,0,0,0,0,0,0,0,0,0,0,0,0,0,2,0,2,2,0,0,0,0,0,0,2,0,0,0,0,0,0,0,1,0,0,0
32,0,0,0,0,0,0,0,0,0,0,0,0,0,0,0,0,0,0,2,0,0,2,0,0,0,0,0,0,2,0,0,0,0,0,0,0,1,0,0,0
33,0,0,0,0,2,1,0,0,0,0,0,1,2,0,3,2,0,0,0,0,0,0,0,0,0,0,0,0,6,0,0,0,0,0,3,1,4,0,0,1
34,0,0,6,1,1,2,2,0,3,0,0,0,2,0,0,4,1,0,0,0,0,0,1,0,0,12,0,0,4,0,0,0,0,2,2,0,2,0,0,2
35,0,0,0,1,0,0,0,0,0,1,0,0,0,0,1,2,3,0,0,0,0,0,2,0,0,0,0,0,2,0,0,0,0,0,0,1,4,0,0,0
36,0,0,5,0,0,1,5,0,2,0,0,0,9,0,2,1,2,1,0,0,0,0,1,1,0,5,0,0,7,0,0,0,1,1,1,1,15,0,0,3
37,0,0,0,0,0,0,0,0,0,0,0,0,0,0,1,2,1,3,0,0,0,0,0,0,1,1,4,0,1,0,0,2,3,0,0,0,5,0,0,0
38,0,0,0,1,0,0,0,0,0,0,0,0,0,0,3,0,1,0,0,2,0,0,0,0,0,0,1,0,12,1,0,2,0,0,2,0,4,0,0,2
39,0,0,0,0,3,0,0,0,1,0,3,0,2,0,0,0,0,0,0,0,0,0,2,0,0,0,0,0,3,0,0,0,0,1,1,0,2,0,1,0
40,0,1,0,0,1,0,3,0,0,0,0,0,3,0,1,0,0,0,0,0,0,0,0,0,0,0,0,0,2,0,0,2,0,0,0,0,1,0,0,1
41,0,0,0,0,0,0,0,0,0,0,0,0,0,0,1,5,0,5,0,7,0,0,0,0,1,0,0,0,3,0,0,0,4,0,1,0,7,0,0,0
42,3,0,0,0,0,3,0,0,2,1,2,1,1,0,0,0,0,0,0,0,0,0,3,0,0,1,0,0,3,0,0,0,2,0,0,0,4,0,0,0
43,0,0,0,0,0,0,0,0,0,0,1,0,0,0,0,0,0,0,0,1,4,1,0,0,1,0,0,1,5,0,0,0,0,0,0,0,2,0,0,0
44,0,0,0,0,0,1,0,0,0,0,0,0,0,0,3,1,1,0,1,0,0,0,0,0,0,1,0,0,8,0,0,1,0,0,1,4,7,0,1,2
45,0,0,0,0,3,0,4,0,1,0,0,0,4,0,0,0,0,1,0,0,0,0,0,0,2,0,1,0,6,0,0,1,0,3,0,0,2,0,0,0
46,4,0,0,0,0,2,0,3,0,0,2,1,0,1,2,2,0,1,0,0,0,0,0,0,0,1,4,0,6,0,0,0,2,0,1,2,6,0,0,0
47,0,0,0,0,0,1,0,0,1,1,0,1,0,0,0,1,0,0,0,0,0,0,1,0,0,0,1,0,2,0,0,0,1,0,0,0,2,0,0,0
48,0,0,2,0,1,4,2,0,5,0,0,0,9,0,1,0,3,0,1,0,0,0,1,0,0,9,0,0,8,0,0,1,1,0,1,3,9,0,0,3
49,1,0,0,0,0,0,0,0,2,0,0,0,1,0,0,0,0,0,0,0,0,0,0,0,0,1,0,0,2,0,0,1,0,0,0,0,1,0,0,0
50,0,23,0,0,14,0,0,0,0,0,4,0,16,0,0,0,0,0,1,0,1,0,1,0,0,0,0,0,6,0,0,5,1,0,1,0,1,0,0,0
51,2,0,1,0,0,3,1,0,0,0,0,0,2,0,0,0,2,0,0,0,0,0,1,0,0,2,0,0,2,0,0,1,0,0,0,0,3,0,0,0
52,3,0,0,0,0,3,0,0,1,1,0,1,0,0,0,0,0,0,0,0,0,0,1,0,0,1,0,0,2,0,0,0,0,0,0,0,2,0,0,0
53,0,0,0,0,0,0,0,0,1,0,0,0,1,0,0,1,1,0,0,0,0,0,2,0,0,2,0,0,1,0,0,1,2,0,0,0,3,0,0,0
54,0,0,0,0,0,0,0,0,0,0,0,0,0,0,0,0,0,0,3,0,3,1,0,0,0,0,0,0,2,0,0,0,0,0,0,0,3,0,0,0
55,0,0,0,4,4,0,0,0,0,1,2,0,3,0,0,0,0,0,0,0,0,0,1,0,0,0,0,0,1,0,0,0,0,0,4,0,2,0,0,0
56,0,0,0,4,1,0,0,0,0,0,3,0,2,0,0,0,0,0,0,0,0,0,1,0,0,0,0,0,1,0,0,0,0,2,0,0,1,0,1,0
57,2,0,0,0,0,0,1,0,2,0,0,0,1,0,0,0,0,1,0,2,0,0,0,0,1,0,0,0,5,0,0,1,0,0,0,0,5,0,6,0
58,0,0,3,0,0,0,0,0,4,0,0,0,4,0,0,0,0,0,0,0,0,0,1,0,0,3,0,0,4,4,0,2,0,0,0,3,6,0,0,1
59,4,0,0,0,0,0,0,0,0,0,2,0,0,0,0,0,0,0,0,0,0,0,0,0,0,2,0,0,0,0,0,0,0,0,0,0,0,0,0,0
60,0,0,0,3,1,0,0,0,0,0,3,0,1,0,0,0,0,0,0,0,0,0,3,0,0,0,0,0,3,0,0,0,1,3,0,0,1,0,2,0
61,0,0,0,8,6,0,0,0,0,3,5,0,5,0,0,0,0,0,0,0,0,0,5,1,0,0,0,0,3,0,0,0,2,6,3,0,3,0,3,0
62,0,0,0,2,0,0,0,0,0,0,2,0,2,0,0,0,0,0,0,0,0,0,0,0,0,0,0,0,2,0,0,0,0,0,0,0,0,0,0,0
63,0,0,0,2,1,0,0,0,1,0,2,0,1,0,0,0,0,0,0,0,0,0,1,0,0,0,0,0,1,0,0,0,0,2,0,0,1,0,1,0
64,0,0,0,0,0,0,0,0,1,0,0,0,0,0,0,0,3,0,0,0,0,0,0,0,0,6,0,0,4,0,0,1,0,0,0,5,0,0,0,0
65,1,0,0,0,0,1,0,0,0,0,2,1,0,0,0,0,0,0,0,0,0,0,0,0,1,0,0,0,2,0,0,0,0,0,0,0,2,5,0,0
66,0,0,0,0,0,0,0,0,0,1,0,0,0,0,0,0,0,5,0,0,0,0,0,0,2,0,0,0,2,0,0,1,1,0,0,0,11,0,2,0
67,0,0,0,0,0,0,0,0,0,0,2,0,2,0,0,0,0,0,0,0,0,0,0,0,0,0,0,0,0,0,0,0,0,0,2,0,0,0,0,0
68,1,0,0,0,1,10,0,0,0,0,4,0,0,0,0,0,0,0,0,0,0,0,0,1,0,11,0,0,2,0,0,2,1,0,0,0,11,0,1,0
69,0,0,0,0,0,0,0,0,0,0,4,0,2,0,0,0,0,0,0,0,0,0,0,0,0,0,0,0,0,0,0,0,0,0,0,0,0,0,0,0
70,0,2,1,0,2,0,0,1,0,0,0,0,2,0,1,0,0,0,0,0,0,0,0,1,1,1,1,0,5,2,0,0,1,2,5,4,2,5,0,0
71,0,1,0,2,4,0,0,0,0,0,3,0,3,0,0,0,0,0,0,0,0,0,1,0,0,0,0,0,2,0,0,0,0,2,0,0,1,0,0,0
72,0,1,0,0,0,0,0,0,0,0,0,0,0,0,0,0,0,0,9,0,7,1,0,0,0,0,0,0,2,0,0,0,0,0,0,0,7,0,0,1
73,0,0,0,0,0,0,0,0,0,1,0,0,0,0,0,5,0,0,0,0,0,0,1,0,0,0,3,0,1,0,0,0,0,0,0,0,3,0,0,0
74,0,0,0,0,0,0,0,0,0,0,0,0,0,0,0,0,0,0,4,0,4,3,0,0,0,0,0,0,3,0,0,0,0,0,0,0,5,0,1,0
75,2,0,0,1,0,3,0,0,0,0,0,3,0,0,2,1,2,0,0,2,0,0,0,0,0,1,1,0,11,0,0,1,2,0,0,2,6,0,0,0
76,0,3,1,0,2,0,0,0,1,0,1,1,4,0,0,0,0,0,0,0,0,0,0,0,0,1,0,2,5,6,7,0,0,3,4,3,8,1,0,2
77,0,0,0,2,0,0,0,0,0,0,2,0,2,0,0,0,0,0,0,0,0,0,0,0,0,0,0,0,0,0,0,0,0,0,0,0,0,0,2,0
78,0,0,0,0,0,0,0,0,0,0,0,0,0,0,0,0,0,0,0,2,0,0,1,0,0,0,0,0,5,0,0,1,2,0,0,0,3,0,0,0
79,0,0,1,0,0,0,0,0,0,0,0,0,0,0,0,2,2,0,0,0,0,0,0,0,0,0,0,0,2,0,0,3,0,0,0,0,1,0,0,0
80,0,0,0,0,0,0,0,0,1,0,0,0,0,0,0,0,0,0,0,2,0,0,0,0,5,0,1,2,5,0,0,0,0,0,0,0,3,0,0,0
81,0,0,0,0,0,0,0,0,0,0,0,1,0,0,4,0,0,0,0,1,0,0,0,2,0,0,3,0,3,0,0,0,0,0,3,0,4,0,0,0
82,5,0,0,1,0,1,0,4,0,0,4,1,2,7,3,0,0,1,0,0,0,0,0,0,0,2,0,1,3,0,0,0,0,0,0,1,7,0,1,0
83,0,0,0,0,2,0,0,0,0,0,1,0,1,0,0,0,0,0,0,0,0,0,0,1,0,0,0,2,3,1,0,0,0,2,2,0,2,0,0,0
84,1,0,0,3,0,0,0,0,3,1,0,0,4,0,2,0,3,0,0,0,0,0,2,0,0,3,0,0,3,0,0,3,0,1,0,1,7,0,0,0
85,3,0,0,0,0,0,1,0,1,0,0,1,1,0,0,0,0,6,0,2,0,0,0,0,0,0,0,0,5,0,0,0,0,1,0,1,4,0,2,1
86,1,0,0,0,0,1,0,0,1,0,1,0,1,0,0,0,0,0,0,0,0,0,1,0,0,2,2,0,1,0,0,0,0,0,0,0,5,0,0,0
87,0,1,1,0,2,1,0,2,0,0,0,1,4,1,0,0,0,0,0,0,0,0,0,8,3,3,0,1,9,7,1,1,0,0,9,0,7,6,0,1
88,0,0,0,0,1,0,0,0,0,0,0,0,1,0,0,0,0,2,0,0,0,0,0,1,1,0,0,0,7,1,0,0,0,0,3,3,4,4,1,0
89,0,0,0,0,0,0,0,0,0,0,0,0,0,0,0,0,0,0,1,0,3,2,0,0,0,0,0,1,4,0,0,0,0,0,0,0,4,0,2,0
90,0,0,0,0,1,0,2,0,2,0,3,0,2,0,0,0,0,0,0,2,0,0,0,3,0,0,3,0,5,0,0,0,0,0,0,0,9,0,2,0
91,0,0,0,0,0,0,0,0,0,0,0,0,0,0,0,0,0,0,1,0,2,2,0,0,0,0,0,0,3,0,0,0,0,0,0,0,5,0,0,0
92,0,0,0,0,0,0,0,0,0,0,0,0,0,0,0,0,0,0,0,0,0,0,0,0,0,0,0,0,2,0,0,0,1,0,0,0,2,0,0,0
93,0,0,1,0,0,0,0,0,0,0,2,0,0,0,0,0,0,1,0,0,0,0,0,0,0,2,0,0,4,0,0,3,0,0,0,0,4,0,0,1
94,8,0,0,1,1,6,4,0,0,0,0,3,9,0,5,2,3,1,0,1,0,0,0,0,0,3,1,0,14,0,1,4,1,1,3,11,13,0,0,2
95,1,4,1,0,5,4,0,0,0,0,3,4,7,0,1,0,0,0,3,3,3,1,0,6,1,4,1,4,12,14,1,0,1,6,12,3,11,3,0,3
96,0,0,0,0,0,0,0,0,0,0,0,0,0,0,0,0,0,0,2,0,1,0,0,0,0,0,0,0,1,0,0,0,0,0,0,0,1,0,0,0
97,0,0,5,0,0,8,1,0,1,1,2,0,0,0,0,0,5,0,0,0,0,0,1,0,0,8,1,0,2,0,0,3,0,0,0,2,2,0,0,7
98,0,0,0,0,0,0,0,0,0,0,0,0,0,1,0,0,0,0,0,0,0,0,0,0,0,0,2,0,1,0,0,0,0,0,0,0,2,0,0,1
99,0,2,0,0,5,4,0,0,0,0,1,4,5,0,0,0,1,0,0,0,0,0,0,2,0,4,0,1,7,6,1,1,1,2,5,5,6,3,1,0
100,0,0,0,0,0,0,0,0,0,0,0,0,0,0,0,0,0,0,3,0,13,4,0,0,0,0,1,0,4,0,0,0,0,0,0,0,9,0,0,0
101,1,0,0,0,0,0,0,0,0,0,0,0,0,0,0,0,0,0,3,0,1,5,0,0,0,0,0,0,5,0,0,0,0,0,0,0,4,0,0,0
102,0,2,0,0,2,0,0,1,0,0,0,0,2,0,0,0,0,0,1,0,0,0,0,0,0,1,0,3,8,10,2,0,0,2,2,2,7,0,1,0
103,0,0,0,1,2,0,0,0,0,0,3,0,1,0,0,0,0,0,0,0,0,0,1,0,0,0,0,0,5,0,0,0,1,3,2,0,1,0,1,0
104,0,3,0,0,0,0,0,3,0,0,1,0,1,0,1,0,0,0,4,0,4,8,0,2,0,4,0,0,7,4,0,0,0,2,1,3,13,1,1,1
105,0,0,0,1,0,0,0,0,0,0,0,0,0,0,3,0,1,0,0,2,0,0,0,0,0,0,2,0,12,1,0,2,0,0,2,0,4,0,1,2
106,0,0,0,0,0,0,0,0,0,0,0,0,0,0,0,0,0,0,0,0,2,0,0,0,0,0,0,0,1,0,0,0,0,0,0,0,1,3,0,0
107,1,0,0,0,0,3,2,0,0,1,2,0,0,0,3,2,4,0,0,0,0,0,1,0,0,0,1,0,11,2,0,1,1,1,1,4,16,0,0,2
108,0,1,3,0,0,5,9,0,2,1,1,0,3,0,0,0,6,0,0,0,0,0,1,0,0,4,0,0,4,0,0,0,1,0,3,1,8,0,0,4
109,2,1,0,1,2,3,0,3,0,0,1,2,8,0,0,0,0,0,0,4,1,0,0,6,0,5,2,3,10,8,4,0,0,4,8,3,14,4,1,1
110,0,0,0,2,0,0,0,0,0,0,2,0,2,0,0,0,0,0,0,0,0,0,0,0,0,0,0,0,2,0,0,0,0,0,0,0,0,0,0,0
111,2,0,0,0,0,0,1,0,1,0,0,0,0,0,1,0,0,0,0,0,0,0,1,0,1,0,0,0,1,0,0,0,0,0,0,1,5,0,0,0
112,1,0,5,0,0,1,5,5,4,1,4,1,5,0,0,3,5,0,1,0,0,0,1,0,0,9,2,0,8,0,0,3,1,1,0,8,8,0,0,4
113,4,0,0,0,0,1,0,4,1,0,1,0,0,0,0,0,0,0,0,0,0,0,0,0,0,2,0,1,5,0,0,0,0,0,0,0,5,4,0,0
114,0,0,0,0,0,0,0,0,0,0,0,0,0,0,2,0,0,0,0,0,0,2,0,0,2,0,0,1,2,0,0,0,0,0,0,0,2,0,1,0
115,0,0,0,1,1,0,0,0,1,0,4,0,2,0,0,0,0,0,0,0,0,0,0,0,0,0,0,0,1,0,0,0,2,2,0,0,1,0,1,0
116,0,0,0,0,0,0,0,0,0,0,0,0,0,0,0,0,0,0,4,0,1,2,0,0,0,0,1,0,1,0,0,0,0,0,0,0,3,0,0,1
117,0,0,1,0,0,0,3,0,1,0,0,0,3,0,0,3,0,0,0,0,0,0,0,0,0,0,0,0,5,0,0,0,0,0,1,0,2,0,0,4
118,3,0,0,0,0,0,0,6,0,0,0,0,0,0,0,0,0,0,0,0,0,0,0,0,0,0,0,0,1,0,0,0,1,0,0,0,7,0,0,0
119,2,0,0,0,0,1,1,0,0,0,0,0,1,0,0,0,4,0,0,0,0,0,1,0,0,0,0,0,5,0,0,0,0,0,0,0,3,0,0,1
120,0,0,0,0,0,0,0,0,0,0,0,0,0,0,0,0,0,0,2,0,3,0,0,0,0,0,0,0,3,0,0,0,0,0,0,0,7,0,0,0
121,0,0,0,0,0,0,0,0,0,0,0,0,0,0,0,2,1,0,0,0,0,0,0,0,0,2,0,0,4,0,0,0,2,0,0,2,3,0,0,1
122,0,0,0,0,0,0,0,0,1,0,0,0,0,0,0,4,0,0,0,0,0,0,4,0,0,0,0,0,0,0,0,3,0,0,0,0,4,0,0,1
123,0,0,0,0,0,1,0,0,0,0,2,0,0,4,1,0,0,0,0,1,0,0,0,0,1,1,0,1,5,1,0,1,0,0,0,0,1,0,0,0
124,0,2,0,0,0,0,0,0,0,0,0,0,0,0,0,0,0,0,0,0,0,0,0,0,0,0,0,0,0,0,0,0,0,0,0,0,0,0,0,0
125,0,1,2,0,0,6,2,0,5,0,2,5,8,0,0,1,4,0,1,0,0,0,0,0,0,9,0,0,2,0,0,3,0,2,0,5,11,0,0,8
126,0,0,0,1,2,0,0,0,1,1,3,0,2,0,0,0,0,0,0,0,0,0,0,1,0,0,0,0,5,0,0,0,0,2,4,0,3,0,2,0
127,0,0,0,0,0,0,0,0,0,1,0,0,0,0,2,1,0,0,0,0,0,0,4,0,0,0,0,0,0,0,0,4,0,0,0,0,2,0,0,0
128,0,0,0,1,3,0,0,0,1,1,3,0,3,0,0,0,0,0,0,0,0,0,2,0,0,0,0,0,2,0,0,0,0,2,3,0,2,0,1,0
129,0,0,0,1,2,0,0,0,1,0,3,0,1,0,0,0,0,0,0,0,0,0,1,0,0,0,1,0,1,0,0,0,0,1,1,0,2,0,0,0
130,0,0,0,0,0,1,0,4,0,0,0,1,0,0,0,0,0,0,0,0,0,0,0,0,1,4,0,0,3,5,2,0,1,0,1,0,2,0,0,0
131,0,0,0,0,2,0,0,0,0,0,0,0,0,0,0,0,0,0,0,0,0,0,0,0,0,2,0,0,0,2,0,0,0,2,0,0,0,0,0,0
132,0,0,0,0,0,0,0,0,0,0,0,0,0,0,1,0,0,0,0,0,1,2,0,1,3,0,0,1,3,0,0,0,2,0,2,0,2,0,0,0
133,1,1,1,0,0,0,6,0,0,2,2,0,5,0,0,0,1,0,0,0,0,0,0,1,0,1,2,5,3,0,0,4,1,0,1,0,13,0,0,2
134,0,1,0,0,2,0,0,0,0,0,4,0,2,0,0,0,0,0,0,0,1,0,0,3,0,1,5,0,6,0,0,0,3,0,7,0,9,0,1,4
135,0,0,0,0,0,0,0,0,0,0,0,0,0,0,0,0,0,0,1,1,0,0,0,2,0,0,1,1,3,2,0,2,0,0,2,0,3,2,0,0
136,0,0,0,0,0,0,0,0,0,0,0,0,0,0,0,0,0,1,1,0,1,1,0,0,0,0,0,0,2,0,0,0,0,0,0,0,2,0,0,0
137,0,3,0,0,1,0,0,0,0,0,0,1,3,0,2,0,0,0,0,0,0,0,0,3,1,0,0,1,3,0,0,0,0,2,2,0,3,0,0,1
138,0,0,0,1,0,2,0,0,0,1,6,1,2,6,2,0,0,1,0,0,0,0,1,0,4,4,0,0,4,1,0,1,0,0,0,0,4,0,0,0
139,0,0,0,0,1,0,0,0,0,0,0,0,0,0,0,0,0,1,0,0,0,0,5,1,0,0,0,0,10,3,0,0,0,1,3,1,6,0,3,1
140,0,0,0,0,0,0,0,0,0,0,0,0,0,0,2,0,0,0,8,0,0,0,0,2,0,0,0,0,8,0,0,2,0,0,0,0,4,0,1,1
141,8,0,0,0,0,2,2,5,0,0,3,1,1,0,1,4,0,4,0,1,0,0,0,0,0,1,2,0,9,0,4,1,1,0,2,0,12,0,0,0
142,0,0,1,0,2,0,0,0,0,0,4,0,5,0,2,0,0,0,0,0,0,0,0,0,0,0,0,0,2,0,0,1,0,0,1,0,2,0,1,0
143,0,4,0,0,3,1,0,8,0,0,1,1,5,0,0,0,0,0,0,0,0,0,0,3,2,8,1,0,10,23,3,1,1,4,5,6,18,10,0,3
144,0,1,1,0,0,0,0,0,0,0,3,0,0,0,5,0,4,0,0,0,0,0,0,0,0,0,0,0,3,0,0,33,1,1,12,0,7,0,0,4
145,0,0,0,0,0,0,0,0,0,0,2,0,2,0,0,0,0,0,0,0,0,0,0,0,0,0,0,0,2,0,0,0,0,0,0,0,0,0,0,0
146,0,0,0,0,0,0,0,0,0,0,2,0,0,0,0,0,0,0,0,0,0,0,0,0,0,6,0,0,0,0,0,0,0,0,0,0,0,0,0,0
147,0,0,0,0,0,2,1,0,0,0,0,0,0,0,1,6,5,0,0,0,0,0,0,0,0,0,0,0,10,0,0,1,0,0,0,0,8,0,0,0
148,3,0,0,0,0,1,0,2,0,0,0,1,0,0,2,0,0,0,0,0,0,0,0,0,0,0,0,0,2,0,0,0,1,0,0,0,3,0,0,1
149,0,1,0,0,0,0,1,0,0,0,0,0,3,6,0,0,0,1,0,0,0,0,0,1,0,3,0,0,5,0,0,1,0,1,0,0,3,0,0,1
150,0,0,0,0,0,2,0,0,3,1,0,2,0,0,2,0,0,0,0,0,0,0,1,0,0,0,0,0,4,0,0,1,0,0,0,4,2,0,0,0
151,1,0,0,1,0,0,0,0,1,1,0,0,0,0,1,0,0,2,5,0,0,0,1,0,0,0,0,0,0,0,0,0,0,0,0,0,4,0,0,1
152,0,1,3,0,1,1,0,1,0,0,0,1,1,0,0,0,0,0,0,0,0,0,0,7,0,1,0,2,1,11,0,0,0,6,4,6,0,0,0,3
153,0,0,0,0,0,0,0,0,0,0,0,0,0,0,0,0,0,0,0,0,0,0,0,0,0,0,0,0,2,0,0,0,0,0,0,0,0,0,0,0
154,4,0,6,1,1,5,3,5,3,0,1,3,3,0,0,0,3,0,0,0,0,0,0,1,0,5,0,1,6,1,3,2,0,0,1,6,5,6,0,7
155,0,0,0,2,0,0,0,0,0,0,2,0,2,0,0,0,0,0,0,0,0,0,0,0,0,0,0,0,2,0,0,0,0,0,0,0,0,0,0,0
156,0,0,0,0,4,0,1,0,0,0,1,0,5,5,0,0,0,2,0,0,0,0,0,0,1,0,0,0,3,0,0,3,0,3,1,0,7,0,0,0
157,0,0,0,2,2,0,0,0,0,0,2,0,0,0,0,0,0,0,0,0,0,0,0,0,0,0,0,0,0,0,0,0,0,0,2,0,0,0,0,0
158,0,0,0,0,0,0,0,0,0,0,2,0,0,0,0,0,0,0,0,0,0,0,0,0,0,0,0,0,4,0,0,0,0,0,0,0,0,0,0,0
159,1,0,0,0,0,1,0,0,1,0,1,0,1,0,1,1,0,0,0,0,0,0,0,0,2,1,1,0,6,0,0,0,0,0,0,0,3,0,0,0
160,0,0,0,1,3,0,0,0,2,0,3,0,1,0,0,0,0,0,0,1,0,0,1,0,0,0,1,0,3,0,0,0,0,0,1,0,3,0,0,0
161,0,0,0,0,0,0,0,0,0,0,2,0,0,0,0,0,0,0,0,0,0,0,0,0,0,0,0,0,0,0,0,0,0,0,2,0,0,0,2,0
162,0,0,0,0,0,0,0,0,0,0,0,0,0,0,0,0,0,0,0,0,0,0,0,0,0,0,0,0,2,0,0,0,0,0,0,0,0,0,0,0
163,1,0,2,0,0,1,7,0,0,0,0,1,0,0,0,0,0,6,1,1,0,0,0,0,1,0,0,0,5,2,1,2,1,1,1,0,5,0,1,5
164,1,0,0,0,0,1,0,2,0,0,2,0,0,0,0,0,0,0,0,0,0,0,0,0,2,0,0,0,4,5,0,0,0,0,2,0,1,0,0,0
165,3,0,0,0,0,0,0,3,0,1,3,0,0,5,1,0,0,0,0,0,0,0,0,0,0,0,1,0,4,0,4,0,1,0,0,2,2,0,0,0
166,1,0,0,0,0,1,0,1,2,0,1,0,0,0,0,0,0,0,0,0,0,0,0,0,0,2,0,0,5,0,0,0,0,0,0,0,2,2,0,0
167,0,0,0,3,4,0,0,0,0,2,2,0,3,0,0,0,0,0,0,0,0,0,1,0,0,0,0,0,1,0,0,0,1,2,0,0,1,0,1,0
168,0,0,1,0,0,0,2,0,1,0,0,2,9,0,11,0,2,1,0,0,0,0,1,0,0,7,0,0,7,0,0,2,0,0,1,0,12,0,0,1
169,1,0,3,0,0,1,0,18,0,0,7,1,0,1,1,0,1,1,0,0,2,1,0,1,0,22,0,0,4,7,5,0,0,0,2,5,5,4,0,0
170,2,0,1,0,0,1,0,1,3,3,2,1,1,0,0,0,0,0,0,1,0,0,2,0,0,1,1,1,4,0,0,0,2,0,0,1,6,0,1,0
171,0,0,0,0,0,0,0,0,0,0,0,0,0,0,0,0,0,0,0,0,0,0,0,0,0,0,0,0,0,0,0,0,0,0,0,0,0,0,0,0
172,0,0,0,0,0,0,0,0,0,0,0,0,0,0,0,0,0,0,0,0,0,0,0,0,0,0,0,0,2,0,0,0,0,0,0,0,2,0,0,0
173,0,0,0,0,0,0,0,0,0,0,0,0,0,0,1,0,0,0,0,2,0,0,0,0,0,0,0,0,4,0,0,0,0,0,0,0,3,0,0,0
174,0,0,0,0,0,1,0,7,0,0,3,1,0,0,2,0,0,0,0,0,0,0,0,0,0,14,0,0,3,0,0,8,2,0,0,1,6,0,0,7
175,3,0,0,0,0,2,0,2,2,1,2,1,3,0,1,0,0,1,0,0,0,0,1,0,1,4,1,0,2,0,0,0,1,0,0,0,3,0,0,0
176,2,0,0,0,0,8,0,1,0,0,2,1,0,0,0,0,0,0,0,1,0,0,0,0,0,14,0,0,3,0,0,2,1,0,0,0,4,0,0,0
177,0,0,0,1,2,0,0,0,1,0,2,0,1,0,0,0,0,0,0,0,0,0,1,0,0,0,1,0,1,0,0,0,2,1,1,0,2,0,0,0
178,0,0,0,1,2,0,0,0,1,1,2,0,1,0,0,0,0,0,0,0,0,0,1,0,0,0,0,0,2,0,0,0,0,2,2,0,2,0,0,0
179,0,0,0,2,0,0,0,0,0,0,2,0,0,0,0,0,0,0,0,0,0,0,0,0,0,0,0,0,2,0,0,0,0,0,0,0,0,0,0,0
180,0,0,0,0,0,1,0,0,0,0,0,0,0,0,0,0,2,0,0,0,0,0,2,0,0,1,1,0,1,0,0,0,0,0,0,0,1,0,0,0
181,0,0,0,2,0,0,0,0,0,0,0,0,2,0,0,0,0,0,0,0,0,0,0,0,0,0,0,0,2,0,0,0,0,0,0,0,0,0,0,0
182,0,0,0,0,0,0,0,0,0,0,0,0,0,0,0,2,1,0,0,0,0,0,0,0,0,2,0,0,4,0,0,0,2,0,0,2,3,0,0,1
183,7,1,0,3,0,0,0,20,0,0,1,0,0,2,0,0,0,0,2,3,2,0,0,0,0,13,0,0,3,6,9,0,0,1,2,2,0,4,0,0
184,1,0,9,0,0,1,0,15,3,0,3,1,0,0,1,0,1,1,0,0,0,0,0,1,0,11,0,0,8,4,1,4,0,0,2,3,11,1,0,8
185,2,0,0,0,0,1,0,0,1,3,1,1,3,0,0,0,0,1,0,0,0,0,1,0,0,3,0,0,6,0,0,0,0,2,1,0,7,0,0,1
186,1,0,0,0,0,0,0,0,0,0,0,0,0,0,0,0,0,0,4,0,9,3,0,0,0,0,0,0,2,0,0,0,0,0,0,0,6,0,0,0
187,2,0,0,0,0,1,0,2,0,0,4,1,0,0,0,0,1,0,2,0,7,1,0,0,1,0,0,0,3,0,0,0,0,0,0,0,5,0,0,0
188,0,0,1,0,0,0,0,0,0,0,0,0,1,0,0,0,0,5,0,1,0,0,0,0,0,1,3,0,4,1,0,2,1,0,1,0,1,0,0,1
189,6,0,0,1,0,0,0,6,6,0,4,1,0,0,0,0,0,0,0,2,0,0,0,0,0,0,0,0,2,0,0,1,0,0,0,0,8,0,0,0
190,0,0,0,0,0,0,0,0,0,0,0,0,0,0,0,1,0,1,0,0,0,0,0,0,1,0,0,0,2,0,0,0,0,0,0,0,5,0,2,0
191,0,0,0,0,2,0,0,0,1,0,3,0,1,0,0,0,0,0,0,0,0,0,1,0,0,0,1,0,4,0,0,1,0,0,0,0,2,0,1,0
192,1,0,1,0,0,1,0,0,1,1,0,1,0,0,0,0,0,0,0,1,0,0,2,1,0,0,1,0,5,2,0,0,1,0,0,0,9,1,1,1
193,2,2,5,0,1,0,5,3,3,0,3,2,1,0,0,3,2,0,0,0,0,0,3,0,0,15,1,1,10,3,7,4,1,2,5,4,13,0,0,8
194,0,1,1,0,0,0,3,0,0,2,2,0,3,0,0,0,0,0,0,0,0,0,0,1,0,0,0,1,2,0,0,2,1,0,0,0,4,0,0,0
195,2,1,0,0,0,2,4,0,1,0,1,0,0,0,0,0,4,0,0,0,0,0,7,0,0,3,0,0,4,0,1,5,1,0,0,2,4,0,0,0
196,0,0,0,0,0,0,0,0,0,0,1,0,0,0,0,0,0,0,0,0,0,0,1,1,0,1,0,0,2,0,0,0,1,0,0,0,2,0,0,0
197,0,0,0,1,0,0,0,0,0,0,0,0,0,0,0,0,0,0,4,0,4,6,0,0,0,0,0,0,7,0,0,0,0,0,0,0,8,0,4,1
198,1,0,0,0,0,2,2,0,0,1,0,0,0,0,0,2,1,0,0,0,0,0,1,0,0,0,1,1,6,0,0,1,2,1,0,0,9,0,0,2
199,0,0,0,0,0,0,0,0,0,0,0,0,0,0,0,0,1,0,0,0,0,0,0,0,0,1,1,0,1,0,0,0,0,0,0,0,4,0,0,0
200,0,0,0,0,0,0,0,0,0,0,0,1,0,0,0,0,0,0,6,0,6,2,0,0,1,0,0,0,4,0,0,0,0,0,0,0,10,0,0,0
201,2,0,2,0,1,2,0,3,0,1,2,1,1,0,0,0,0,0,0,0,0,0,0,1,0,5,0,1,1,2,3,0,1,0,1,2,0,0,1,1
202,2,0,0,1,0,1,0,1,5,1,1,1,2,0,1,0,0,0,0,0,0,0,1,0,1,3,3,0,2,0,0,0,1,0,0,0,4,0,0,0
203,0,0,0,0,0,0,0,0,1,0,0,0,0,0,0,0,0,0,0,0,0,0,2,0,0,0,0,0,0,0,0,1,0,0,0,2,3,0,0,0
204,3,0,0,0,0,8,0,1,0,1,6,4,0,0,0,0,0,0,0,2,0,0,2,0,0,7,0,0,5,0,0,3,4,0,0,0,10,0,0,4
205,0,0,1,0,0,0,0,0,0,0,0,0,0,0,0,0,1,0,0,0,0,0,0,0,0,0,0,0,5,0,0,7,1,1,1,0,4,0,0,2
206,3,0,0,0,0,0,0,0,0,0,0,2,2,0,0,0,0,0,3,0,0,0,0,0,0,0,0,0,0,0,0,9,0,0,0,0,3,0,0,2
207,0,0,0,4,0,0,0,0,0,0,2,0,2,0,0,0,0,0,0,0,0,0,0,0,0,0,0,0,0,0,0,0,0,0,0,0,0,0,2,0
208,0,0,0,1,0,1,1,0,0,0,0,0,0,0,0,0,0,1,0,0,0,0,5,0,0,1,0,0,3,0,1,3,2,0,0,1,3,0,0,0
209,0,3,0,0,5,0,0,0,0,0,6,0,6,0,0,0,0,0,2,0,0,1,0,0,0,0,0,0,5,0,0,5,2,0,5,0,0,0,0,0
210,1,0,0,0,0,3,0,0,0,0,3,1,1,10,4,0,0,0,0,2,0,0,0,0,4,3,0,0,8,3,0,1,0,0,0,1,8,0,1,0
211,0,0,0,0,0,0,1,0,0,0,0,0,1,0,0,0,0,0,4,0,5,2,0,0,1,1,0,0,4,0,0,0,0,0,1,0,7,0,0,0
212,0,0,0,0,0,0,0,0,0,0,2,0,2,0,0,0,0,0,0,0,0,0,0,0,0,0,0,0,2,0,0,0,0,0,2,0,0,0,0,0
213,0,0,0,2,2,0,0,0,0,0,2,0,0,0,0,0,0,0,0,0,0,0,0,0,0,0,0,0,2,0,0,0,0,0,2,0,0,0,2,0
214,2,0,0,0,0,9,0,0,0,0,3,0,0,0,2,0,1,0,0,0,0,0,0,0,0,9,0,0,2,0,0,0,2,0,0,0,4,0,0,0
215,1,0,0,1,0,0,0,1,0,1,3,0,0,0,1,0,0,0,0,1,0,0,0,0,1,0,0,0,5,0,0,2,1,0,0,0,6,0,2,0
216,0,0,0,0,0,0,0,0,0,0,2,0,0,0,0,0,0,0,0,0,0,0,0,0,0,0,0,0,2,0,0,0,0,0,0,0,0,0,0,0
217,0,0,0,0,0,2,0,0,0,0,0,0,0,0,0,0,0,0,0,0,0,0,0,0,0,0,0,0,2,0,0,0,0,0,0,0,0,0,0,0
218,0,0,0,0,0,0,0,0,0,0,0,0,0,0,1,0,8,0,0,0,0,0,0,1,0,0,3,0,1,0,0,0,0,1,3,0,2,0,0,0
219,0,0,1,0,0,2,0,0,2,0,0,0,1,0,0,0,0,0,0,0,0,0,0,0,0,5,0,0,1,0,0,1,0,0,0,0,3,0,0,0
220,0,1,0,2,5,0,0,0,0,1,1,0,3,0,0,0,0,0,0,0,0,0,2,0,0,0,0,0,3,0,0,0,0,0,3,0,2,0,0,0
221,1,0,0,0,0,0,0,0,0,0,0,0,5,0,0,0,0,0,0,0,0,0,1,0,0,4,0,0,0,0,0,0,2,0,0,0,1,0,0,0
222,2,1,1,0,1,0,0,3,2,0,3,0,1,0,0,0,0,0,0,0,0,0,0,4,0,3,1,1,8,5,0,2,1,0,2,3,6,0,1,2
223,0,0,2,0,0,1,0,4,1,0,1,1,0,0,0,0,1,0,0,0,0,0,0,0,0,2,0,0,4,0,2,2,0,0,0,1,2,0,0,2
224,2,0,0,0,0,0,0,0,0,0,2,0,0,0,0,0,0,0,0,0,0,0,0,0,0,4,0,0,0,0,0,0,0,0,0,0,0,0,0,0
225,0,0,0,4,0,0,5,0,1,0,0,0,1,0,0,0,0,3,0,4,0,0,0,0,1,0,3,0,6,0,0,0,1,0,0,0,3,0,0,2
226,0,0,0,0,0,0,0,0,0,0,0,0,0,0,0,0,0,0,4,0,2,0,0,0,0,0,0,0,1,0,0,0,0,0,0,0,1,0,0,0
227,0,1,10,0,3,1,3,1,5,1,6,2,12,0,0,2,4,1,0,0,0,0,1,0,0,8,0,0,9,1,1,4,1,2,3,4,12,0,0,0
228,1,0,0,0,0,2,0,0,1,1,0,2,0,0,1,0,1,0,0,0,0,0,1,0,0,0,2,0,4,0,0,5,1,0,0,0,3,0,0,1
229,0,0,0,4,0,0,0,0,0,0,2,0,2,0,0,0,0,0,0,0,0,0,0,0,0,0,0,0,0,0,0,0,0,0,2,0,0,0,0,0
230,0,0,0,1,0,0,0,0,0,0,0,0,0,0,0,0,0,0,3,0,3,4,0,0,0,0,0,0,4,0,0,0,0,0,0,0,5,0,2,1
231,0,0,0,1,2,0,0,0,1,1,3,0,1,0,0,0,0,0,0,0,0,0,1,0,0,0,0,0,3,0,0,0,1,1,1,0,1,0,0,0
232,0,0,0,0,0,0,0,0,0,0,0,0,0,0,0,0,0,0,0,0,2,3,0,0,0,0,0,0,1,0,0,0,0,0,0,0,3,0,0,0
233,0,0,1,0,0,0,0,0,0,0,0,0,0,0,1,0,0,1,0,2,0,0,0,0,0,0,2,0,6,1,0,0,1,0,1,2,7,0,1,0
234,2,0,0,0,0,0,0,0,2,0,0,0,1,0,0,0,2,0,0,0,0,0,1,0,0,0,0,0,2,0,0,2,0,0,0,1,4,0,0,0
235,0,0,0,0,0,0,0,0,1,0,0,0,1,0,0,0,0,0,1,0,1,0,0,0,0,2,0,0,4,0,0,0,0,0,0,0,2,0,0,3
236,0,0,0,0,0,0,0,0,0,0,0,0,0,0,3,0,0,0,1,0,0,1,0,0,0,0,1,0,8,0,0,0,0,0,0,0,4,0,1,0
237,0,0,0,0,0,0,0,0,0,0,0,0,0,0,0,0,0,0,0,0,0,0,0,0,2,0,2,0,2,2,0,0,0,0,0,0,0,2,0,0
238,0,0,0,0,0,0,0,0,0,0,0,0,0,0,0,0,0,0,3,0,1,3,0,0,0,0,2,0,2,0,0,0,0,0,0,0,1,0,0,0
239,0,3,0,0,1,1,0,3,0,0,1,1,1,0,1,0,0,0,2,0,0,1,0,0,1,3,0,0,3,2,0,0,1,1,3,0,4,0,0,0
240,0,0,0,0,0,0,0,0,0,0,0,0,0,0,0,0,0,0,0,1,0,0,2,0,0,1,0,0,0,0,0,1,3,0,0,0,4,0,0,0
241,8,0,0,0,0,2,0,6,0,0,4,0,0,5,1,0,0,0,0,0,0,0,0,0,3,2,0,0,1,3,0,0,0,0,0,3,5,0,0,2
242,0,0,0,0,0,0,0,0,1,0,3,0,0,0,0,0,0,0,0,0,0,0,1,1,0,0,0,0,4,0,0,0,0,2,1,2,4,0,0,0
243,0,0,0,1,2,0,0,0,0,2,3,0,2,0,0,0,0,0,0,0,0,0,1,0,0,0,0,0,3,0,0,0,1,1,1,0,1,0,0,0
244,0,0,0,0,0,0,0,0,0,0,0,0,0,0,0,0,0,0,0,0,0,0,0,0,0,0,0,0,1,0,0,0,0,0,0,0,4,0,0,0
245,2,0,0,0,0,0,0,0,0,0,2,0,0,0,0,0,0,0,0,0,0,0,0,0,0,2,0,0,0,0,0,0,0,0,0,0,0,0,0,0
246,0,0,0,0,0,0,1,0,1,0,0,0,0,0,0,0,0,0,0,0,0,0,0,0,0,0,0,0,3,0,0,0,0,0,0,1,2,0,0,0
247,1,0,0,0,2,1,0,0,1,0,4,1,0,0,2,0,0,1,0,0,0,0,1,2,0,0,2,0,6,0,0,1,0,0,2,0,9,0,0,0
248,0,0,0,0,0,0,0,0,0,0,0,0,0,0,0,2,0,1,0,0,0,0,0,0,0,0,0,1,1,0,0,0,0,0,0,0,3,0,0,0
249,0,0,0,0,0,0,0,0,1,0,0,0,0,0,1,1,1,1,0,0,0,0,0,0,1,1,0,0,3,0,0,0,0,0,0,0,1,0,0,1
250,0,0,0,0,0,0,0,0,4,0,0,0,2,1,0,3,9,0,0,0,0,0,5,0,0,2,0,0,10,0,1,9,0,0,0,2,6,0,0,0
251,0,0,0,0,0,1,0,0,0,0,0,1,0,0,2,1,1,0,1,0,0,0,0,0,0,1,0,0,5,0,0,1,0,0,0,3,3,0,0,0
252,1,0,0,1,0,1,0,0,0,0,1,1,0,5,3,0,0,1,0,0,0,0,0,0,2,0,0,0,3,1,0,1,0,0,0,1,1,0,0,0
253,0,0,0,0,0,0,0,0,1,0,1,0,0,0,0,0,0,0,0,1,0,0,1,0,0,1,0,0,1,0,0,0,1,0,0,1,2,0,0,0
254,0,0,0,0,0,0,0,0,0,0,0,0,0,0,0,0,0,0,2,0,0,4,0,0,0,0,1,0,1,0,0,0,0,0,0,0,3,0,0,0
255,0,1,0,2,3,0,0,0,2,1,3,0,3,0,0,0,0,0,0,0,0,0,1,0,0,0,0,0,3,0,0,0,0,1,1,0,3,0,1,0
256,0,0,0,0,0,0,0,0,0,0,0,0,0,0,0,0,0,0,0,0,0,0,0,0,0,0,0,0,2,0,0,0,1,0,0,0,2,0,0,0
257,0,0,0,0,0,0,1,0,1,0,0,0,1,0,0,0,4,0,0,0,0,0,2,0,0,1,0,0,4,0,0,1,0,0,0,0,2,0,0,0
258,0,0,0,0,0,0,0,0,0,0,0,0,0,0,0,0,1,0,0,0,0,0,0,0,0,0,0,0,1,0,0,0,0,0,0,0,5,0,0,0
259,0,0,0,0,0,0,0,0,1,0,0,0,0,0,1,1,0,0,0,0,0,0,0,1,0,0,0,1,5,0,0,0,0,0,0,4,4,0,0,2
260,0,0,0,1,0,0,1,0,0,1,0,0,0,0,0,0,1,0,0,1,0,0,2,0,0,0,0,0,1,0,0,1,2,0,0,0,1,0,0,0
261,0,1,0,0,1,0,0,0,0,0,0,0,1,0,1,0,0,0,3,0,0,0,0,0,1,0,0,1,4,8,0,0,1,2,5,2,5,0,0,0
262,0,0,0,0,0,0,2,0,0,0,0,0,10,0,0,0,0,0,0,0,0,0,4,0,0,0,1,0,7,0,0,1,1,2,0,0,7,0,1,0
263,0,2,0,0,0,0,0,0,0,0,0,0,0,0,0,0,0,0,0,0,0,0,0,0,0,0,0,0,0,0,0,0,0,0,0,0,0,0,0,0
264,0,1,1,1,1,0,2,0,3,0,0,0,3,0,0,0,2,0,0,0,0,0,4,1,0,0,1,3,8,1,0,7,1,4,2,1,13,1,0,1
265,0,1,0,0,0,1,0,7,0,0,3,1,0,0,2,0,0,0,0,0,0,0,0,0,0,14,0,0,3,0,0,8,2,0,0,1,6,0,0,7
266,0,0,0,0,0,0,1,0,0,1,0,0,3,0,0,1,3,0,0,1,0,0,0,0,0,4,0,0,3,0,0,1,0,0,1,1,4,0,0,1
267,0,0,0,0,0,0,0,0,0,0,1,0,2,0,1,1,0,0,0,0,0,0,0,0,0,0,0,0,3,0,0,0,0,1,1,0,3,0,0,0
268,2,0,0,0,0,0,0,2,0,0,2,0,0,0,0,0,0,0,0,0,0,0,0,0,0,0,0,0,0,0,0,0,0,0,0,0,0,0,0,0
269,4,0,0,0,0,0,0,4,0,0,1,0,0,0,0,0,0,0,0,0,0,0,2,0,0,0,0,0,2,0,0,0,2,0,0,0,4,0,1,0
270,0,0,0,0,0,0,0,0,0,0,0,0,0,0,0,0,0,0,0,0,0,0,0,0,0,0,0,0,0,0,0,0,0,0,0,0,0,0,0,0
271,2,0,0,2,1,1,0,0,2,1,1,2,0,0,0,0,0,0,0,0,0,0,1,1,0,0,0,0,2,0,0,0,1,0,1,0,2,0,0,1
272,5,0,0,1,0,1,0,4,5,1,2,1,2,0,1,0,0,0,0,0,0,0,0,0,1,3,3,0,3,0,0,0,1,0,0,0,4,0,0,0
273,0,0,0,0,0,0,0,0,0,0,2,0,0,0,0,0,0,0,0,0,0,0,0,0,0,6,0,0,0,0,0,0,0,0,0,0,0,0,0,0
274,0,0,0,0,0,1,0,0,0,1,0,1,0,0,0,0,1,0,0,0,0,0,3,0,0,0,0,0,4,0,0,3,1,0,0,2,4,0,0,0
275,0,0,0,0,0,0,0,0,0,0,0,0,0,0,0,0,0,0,4,0,2,0,0,0,0,0,0,0,1,0,0,0,0,0,0,0,1,0,0,0
276,0,3,0,0,1,0,0,0,0,0,0,1,3,0,2,0,0,0,0,0,0,0,0,3,1,0,0,1,3,0,0,0,0,2,2,0,3,0,0,1
277,0,0,0,0,0,0,0,0,0,0,0,0,0,0,0,0,0,0,0,2,0,0,0,0,1,6,2,0,9,0,3,0,0,0,0,1,2,0,0,4
278,0,1,0,0,1,2,0,0,0,0,0,0,1,0,0,2,0,0,0,2,0,0,0,0,0,3,1,0,6,0,0,1,1,1,2,0,2,0,0,0
279,0,0,0,0,0,1,0,0,1,1,0,0,0,0,0,0,1,0,0,0,0,0,1,0,0,1,0,0,2,0,0,1,1,0,0,0,3,0,0,0
280,0,0,0,0,0,0,0,0,0,0,0,0,0,0,0,0,0,0,4,0,2,3,0,0,0,0,1,0,1,0,0,0,0,0,0,0,2,0,1,2
281,1,0,0,0,0,1,0,0,0,0,0,1,0,0,2,0,1,0,0,0,0,0,0,0,0,1,0,0,4,0,0,0,0,0,0,2,3,0,0,0
282,1,0,0,0,0,2,0,0,1,0,1,1,0,0,0,0,0,0,0,0,0,0,0,0,0,2,0,1,5,0,0,0,0,0,0,0,4,1,0,0
283,0,0,0,0,0,0,0,0,0,0,0,0,0,0,0,0,0,0,0,0,4,3,0,0,0,0,0,0,3,0,0,0,0,0,0,0,6,0,0,0
284,2,0,0,0,2,1,0,2,0,1,2,1,4,0,0,2,0,4,0,0,0,0,2,0,0,0,0,0,7,0,4,6,1,1,1,1,6,0,0,1
285,0,0,0,0,0,0,0,0,0,0,0,0,1,0,3,0,1,0,0,0,0,0,0,0,0,1,2,0,7,0,0,1,0,0,0,2,3,0,0,1
286,5,0,0,2,1,2,0,4,0,0,3,1,2,8,2,1,0,0,0,0,0,0,0,0,2,3,1,0,5,2,0,0,0,0,0,0,7,0,0,1
287,0,0,0,0,0,0,0,0,0,0,2,0,2,0,0,0,0,0,0,0,0,0,0,0,0,0,0,0,0,0,0,0,0,0,2,0,0,0,2,0
288,0,2,1,2,3,0,4,0,2,7,1,0,11,0,2,0,0,2,0,1,0,0,8,4,0,2,0,0,18,1,0,4,7,2,3,0,20,0,3,5
289,0,0,0,0,0,0,1,0,0,3,0,0,4,0,0,8,2,1,0,0,0,0,4,0,0,5,0,0,8,0,0,0,0,0,0,0,4,0,0,0
290,0,0,0,0,0,0,0,0,0,0,0,0,0,0,0,0,0,0,0,0,0,0,0,0,1,0,0,1,2,0,0,0,0,0,0,0,3,0,0,0
291,0,0,0,0,0,0,0,0,0,0,0,0,0,0,0,0,0,0,0,0,0,0,0,0,1,0,0,0,1,0,0,0,0,0,0,0,4,0,0,0
292,0,0,0,0,0,0,0,0,0,0,0,0,0,0,0,0,0,0,1,0,4,1,0,0,0,0,0,3,4,0,0,0,1,0,0,0,3,0,0,0
293,2,2,0,0,1,2,0,9,0,0,2,2,1,0,0,0,0,0,1,0,1,0,0,0,2,10,0,2,2,9,5,0,0,1,3,2,8,2,1,1
294,0,0,3,0,0,4,0,0,0,0,5,4,0,0,0,0,1,0,0,0,0,0,0,0,0,4,0,0,5,0,1,7,3,0,0,5,5,0,0,7
295,0,1,7,1,0,6,5,0,1,2,0,0,6,0,0,0,6,1,0,0,0,0,1,2,0,11,1,0,6,0,0,5,0,0,0,0,5,0,0,2
296,0,0,0,0,0,0,0,0,0,0,0,0,0,0,0,0,0,0,1,0,2,3,0,0,0,0,0,1,2,0,0,0,0,0,0,0,5,0,0,0
297,3,1,0,0,3,1,0,7,1,0,2,0,2,2,1,0,0,0,1,1,0,0,0,0,3,4,1,5,7,9,0,0,0,2,5,1,10,0,1,1
298,0,1,3,0,0,0,3,0,0,0,0,0,5,0,0,2,1,2,0,2,0,0,2,0,0,10,0,0,5,0,0,2,0,0,0,1,8,0,0,2
299,0,0,0,0,0,0,0,0,0,1,0,0,0,0,0,0,0,0,0,1,0,0,2,1,0,2,2,0,0,0,0,0,0,0,0,2,5,0,0,1
300,0,1,0,0,1,1,0,1,0,0,0,1,1,1,0,0,0,0,0,1,0,0,0,0,1,1,0,1,6,5,1,1,0,0,2,2,2,0,0,2
301,0,0,0,4,0,0,0,0,0,0,2,0,2,0,0,0,0,0,0,0,0,0,0,0,0,0,0,0,0,0,0,0,0,0,0,0,0,0,2,0
302,0,0,0,0,1,0,1,0,0,1,0,0,1,0,4,0,1,0,0,4,0,0,1,0,0,0,1,0,9,0,0,1,0,0,0,0,7,0,0,0
303,0,0,0,0,0,1,0,0,1,0,0,1,1,0,0,0,0,0,0,0,0,0,2,0,0,1,1,0,1,0,0,0,0,0,0,0,6,0,0,0
304,0,1,0,0,2,0,0,0,0,0,2,0,2,0,2,0,0,1,0,0,0,0,0,0,1,0,0,0,8,3,2,0,0,3,3,0,6,0,0,1
305,0,0,0,1,0,0,0,0,1,2,0,0,1,0,0,1,0,1,1,0,0,0,1,0,0,1,0,0,4,0,0,0,0,0,0,0,6,0,0,0
306,0,0,0,0,2,0,0,0,1,0,4,0,1,0,0,0,0,0,0,0,0,0,1,0,0,0,0,0,4,0,0,0,0,0,2,0,2,0,0,0
307,0,0,0,0,2,0,0,0,0,0,2,0,0,0,0,0,0,0,0,0,0,0,0,0,0,0,0,0,0,0,0,0,0,0,2,0,2,0,2,0
308,0,0,1,0,0,0,2,0,0,0,0,0,0,0,0,0,0,0,0,2,0,0,2,0,0,5,0,0,4,0,0,0,1,0,0,0,3,0,0,1
309,0,0,0,0,0,0,0,0,0,0,2,0,0,0,1,4,0,5,0,4,0,0,0,0,2,0,1,0,7,0,0,3,1,0,1,0,6,0,0,0
310,0,0,0,0,0,0,0,0,0,0,1,0,0,0,0,0,0,0,5,0,3,0,0,0,1,0,0,0,2,0,0,1,0,0,0,0,4,0,0,0
311,0,0,0,0,0,0,0,0,0,0,0,0,0,0,0,0,0,0,0,0,0,0,1,0,0,0,0,0,0,0,0,0,0,0,0,0,2,0,0,2
312,3,1,2,2,3,0,0,0,0,2,0,1,6,0,1,0,22,1,4,6,0,0,5,2,0,2,5,0,9,0,0,1,1,1,5,1,10,0,1,8
313,0,0,0,0,0,0,0,0,0,0,1,1,0,0,2,0,0,2,0,0,0,0,0,0,0,0,0,0,4,0,0,0,0,0,0,0,3,0,1,1
314,0,0,0,0,0,0,0,0,0,0,0,0,0,0,0,0,0,3,0,0,0,0,0,0,1,0,0,0,2,0,0,0,0,0,0,0,6,0,3,0
315,0,1,0,0,0,0,0,0,0,0,0,0,0,0,0,0,0,0,0,0,0,0,0,0,0,0,0,0,0,0,0,0,0,0,0,0,2,0,0,3
316,1,0,0,0,0,1,0,0,0,1,4,1,0,0,0,0,0,0,1,1,0,0,1,0,0,0,0,0,3,0,0,4,0,0,0,0,2,0,0,0
317,2,0,0,0,0,0,0,0,0,0,0,0,0,0,0,0,1,0,4,0,3,2,0,0,0,0,0,0,1,0,0,0,1,0,0,0,4,0,1,0
318,0,1,2,0,1,0,1,0,0,0,1,0,3,0,0,0,0,1,0,0,0,0,0,0,0,0,0,0,2,0,0,5,0,2,1,0,5,0,1,4
319,0,1,0,0,1,1,0,0,0,0,0,1,1,0,0,0,0,0,0,0,0,4,0,1,4,1,0,1,7,4,0,0,1,1,3,2,3,2,0,1
320,0,0,0,3,3,0,0,0,0,0,2,0,2,0,0,0,0,0,0,0,0,0,1,0,0,0,0,0,1,0,0,0,1,1,1,0,1,0,0,0
321,1,0,0,0,0,0,1,0,0,0,0,0,2,0,2,0,1,0,0,0,0,0,0,0,0,1,1,0,4,0,0,1,0,0,1,4,6,0,0,2
322,2,0,0,0,0,0,0,0,0,0,2,0,0,0,0,0,0,0,0,0,0,0,0,0,0,4,0,0,0,0,0,0,0,0,0,0,0,0,0,0
323,3,1,0,0,1,0,0,10,0,0,1,0,1,0,0,0,0,0,0,2,1,0,0,4,1,8,0,3,3,19,8,2,0,1,5,1,20,2,2,1
324,0,0,1,3,0,2,0,0,0,1,0,0,0,0,1,1,0,0,0,0,0,0,3,0,0,2,0,0,2,0,0,5,0,0,0,0,2,0,0,0
325,3,1,4,1,3,1,0,4,3,1,0,1,4,0,4,2,4,3,1,9,0,0,2,0,0,2,0,0,14,1,0,4,3,0,5,8,9,0,3,2
326,0,2,3,0,1,0,8,0,0,0,0,0,4,0,0,0,0,0,3,0,0,0,0,0,0,0,0,0,5,1,0,1,0,0,2,1,5,1,0,4
327,0,0,0,0,0,1,0,0,0,1,0,1,0,0,0,0,0,0,0,0,0,0,1,0,0,0,1,0,2,0,0,0,1,0,0,0,3,0,0,1
328,0,0,0,1,2,0,0,0,1,1,2,0,1,0,0,0,0,0,0,0,0,0,1,0,0,0,1,0,1,0,0,0,0,2,1,0,2,0,0,0
329,1,0,0,0,2,0,0,0,0,1,0,1,3,0,0,0,0,1,0,0,0,0,3,0,0,2,0,0,6,0,0,2,0,0,1,0,7,0,0,0
330,3,0,0,0,0,0,0,0,0,0,1,0,0,2,0,0,0,0,0,0,0,0,0,1,0,0,0,1,8,2,0,0,0,0,8,2,7,0,0,0
331,0,0,0,0,0,0,0,0,2,0,0,0,0,0,0,0,0,0,4,0,1,1,0,0,0,0,0,0,1,0,0,0,0,0,0,0,5,2,1,1
332,0,0,0,0,0,0,0,0,0,0,1,0,0,0,0,0,0,0,1,0,1,2,0,0,0,0,0,0,1,0,0,0,0,0,0,0,3,0,1,0
333,1,5,0,3,3,0,0,7,1,0,4,0,9,1,1,0,0,2,2,2,0,1,0,3,0,7,0,5,19,10,4,0,0,7,8,2,14,1,1,2
334,0,0,0,0,0,0,0,0,0,0,2,0,1,0,0,0,1,0,2,0,0,0,0,1,0,3,1,0,5,0,0,0,2,0,0,0,3,0,0,0
335,1,0,0,0,0,0,0,0,1,0,0,2,0,0,0,0,0,1,0,1,0,0,0,0,0,1,0,1,2,0,0,0,0,0,0,0,3,0,1,0
336,1,0,0,0,0,8,0,2,0,0,2,1,0,0,0,0,1,0,0,1,0,0,0,0,0,15,0,0,3,0,0,2,1,0,0,0,4,0,0,0
337,0,0,0,0,0,0,0,0,0,0,0,0,0,0,0,0,0,0,0,2,0,0,4,0,0,1,0,0,1,0,0,1,4,0,0,0,2,0,0,0
338,0,0,1,0,0,3,1,0,0,1,0,0,0,0,0,0,1,0,0,0,0,0,1,0,0,3,0,0,3,0,0,0,0,0,0,0,1,0,0,1
339,0,0,0,0,0,0,0,0,1,1,0,0,0,0,0,0,0,1,4,0,0,0,1,0,0,1,0,0,2,0,0,3,0,0,0,0,3,0,0,0
340,2,0,0,0,0,0,0,0,0,0,2,0,0,0,0,0,0,0,0,0,0,0,0,0,0,4,0,0,0,0,0,0,0,0,0,0,0,0,0,0
341,1,0,0,0,0,2,0,0,1,0,1,1,0,0,0,0,0,0,0,0,0,0,0,0,0,2,0,1,5,0,0,0,0,0,0,0,4,1,0,0
342,0,1,0,1,2,1,6,1,1,0,0,1,4,0,0,0,0,5,0,0,0,0,0,0,2,2,4,0,10,4,2,4,1,1,5,1,7,11,0,4
343,2,0,0,0,0,1,0,2,0,0,0,1,0,5,1,0,0,0,0,0,0,0,0,1,1,0,0,0,1,3,0,0,1,0,0,1,3,0,0,0
344,0,0,0,2,2,0,0,0,0,0,0,0,2,0,0,0,0,0,0,0,0,0,0,0,0,0,0,0,2,0,0,0,0,0,0,0,2,0,0,0
345,1,2,5,1,1,2,0,1,0,0,6,2,4,0,3,0,0,0,0,1,0,0,0,0,0,5,1,0,19,0,1,3,1,0,7,7,16,0,0,6
346,0,3,0,0,1,0,0,0,0,0,0,0,2,0,1,0,0,0,0,0,0,0,0,2,0,0,0,1,2,5,1,0,0,3,1,0,4,0,0,0
347,0,1,0,0,1,0,0,0,0,0,2,0,1,0,2,0,0,0,1,0,0,0,0,1,1,0,0,4,2,5,1,0,0,2,6,1,5,0,0,0
348,0,4,0,0,2,1,0,0,0,0,0,0,2,0,2,0,0,0,0,0,0,0,0,1,1,2,0,0,0,7,0,0,0,4,1,3,3,0,0,0
349,0,0,0,0,0,0,0,0,0,0,0,0,0,0,3,0,0,0,0,0,0,0,0,1,0,0,1,0,1,0,0,0,0,0,0,0,2,0,0,0
350,0,2,0,0,1,1,0,5,1,0,1,1,2,0,0,0,0,0,1,1,0,0,0,1,0,5,0,2,11,7,4,0,0,0,5,4,10,9,0,2
351,0,1,0,0,2,0,0,0,1,0,4,0,1,0,0,0,0,0,0,0,0,0,1,0,0,0,1,0,2,0,0,0,0,2,1,0,2,0,0,0
352,0,0,0,0,0,0,0,0,0,0,0,0,0,0,0,0,0,1,1,0,2,2,0,0,1,0,0,0,2,0,0,0,0,0,0,0,3,0,0,0
353,0,0,0,0,1,0,1,1,1,0,4,0,4,0,0,0,0,0,0,0,0,0,0,0,0,4,0,0,2,0,0,1,0,1,0,0,1,0,0,2
354,3,0,0,1,0,8,0,1,0,0,2,1,0,0,0,0,1,0,0,1,0,0,0,0,0,13,0,0,3,0,0,2,1,0,0,0,4,0,0,0
355,0,0,1,0,0,0,2,0,3,2,0,0,2,0,2,0,1,0,0,0,0,0,3,0,0,0,0,0,6,0,0,2,3,0,0,1,11,0,1,0
356,0,0,0,3,1,0,0,0,2,1,3,0,5,0,0,0,0,0,0,0,0,0,1,0,0,0,0,0,4,0,0,0,0,1,3,0,4,0,0,0
357,0,0,0,0,0,0,0,0,0,0,0,0,0,0,8,0,2,0,0,2,0,0,0,0,0,2,0,0,2,0,0,3,0,0,0,0,4,0,0,2
358,0,0,0,2,0,1,0,0,2,0,0,2,0,0,0,0,4,0,0,0,0,0,0,0,0,1,2,0,5,0,0,1,1,0,0,1,4,0,0,0
359,0,0,1,2,4,0,0,0,0,3,1,1,6,0,0,3,10,0,1,2,0,0,3,0,0,0,2,0,8,0,0,4,1,2,7,1,12,0,0,2
360,0,0,0,0,0,0,0,0,0,0,0,0,0,0,2,0,0,0,0,0,0,0,0,0,0,0,0,0,2,0,0,0,0,0,0,0,0,0,0,0
361,0,0,0,0,0,0,0,0,0,0,2,0,2,0,0,0,0,0,0,0,0,0,0,0,0,0,0,0,2,0,0,0,0,0,0,0,0,0,0,0
362,0,0,0,0,1,0,0,0,1,1,5,0,5,0,0,0,0,0,0,0,0,0,2,0,0,0,0,0,4,0,0,1,0,2,1,0,3,0,1,0
363,0,1,0,1,1,0,0,0,0,0,2,1,3,0,2,0,0,0,0,0,0,0,0,0,0,0,1,0,0,0,0,0,0,0,0,0,3,0,1,0
364,0,0,0,0,0,0,0,0,0,1,1,0,0,0,0,0,0,0,0,0,0,0,2,0,0,0,0,0,1,0,0,0,0,0,0,0,1,0,0,0
365,0,0,1,0,0,0,0,0,0,1,1,0,1,0,0,1,0,0,0,0,0,0,1,0,0,1,0,0,3,0,0,0,0,0,0,0,2,0,0,0
366,0,0,0,0,0,0,0,0,0,0,0,0,0,0,0,0,0,0,0,0,0,0,0,0,0,0,0,0,1,0,0,0,1,0,1,0,2,0,0,0
367,3,0,0,0,0,0,0,0,0,0,0,0,3,0,0,0,3,1,0,0,0,0,4,0,0,4,0,1,8,0,0,1,0,0,0,2,6,0,0,4
368,0,0,0,0,1,0,1,1,1,0,4,0,4,0,0,0,0,0,0,0,0,0,0,0,0,4,0,0,2,0,0,1,0,1,0,0,1,0,0,2
369,0,0,0,0,0,0,0,0,0,0,0,0,0,0,0,0,0,0,6,0,6,4,0,0,0,0,2,0,1,0,0,0,0,0,0,0,10,0,0,0
370,0,0,0,0,0,0,0,0,0,0,2,0,2,0,0,0,0,0,0,0,0,0,0,0,0,0,0,0,0,0,0,0,0,0,2,0,0,0,0,0
371,0,0,0,0,0,0,0,0,0,0,0,0,0,0,0,0,0,0,3,0,2,2,0,0,0,0,0,0,1,0,0,0,0,0,0,0,1,0,2,0
372,0,3,0,0,1,1,0,2,0,0,0,1,0,0,0,0,0,0,0,0,2,0,0,0,0,2,0,0,6,8,3,0,0,3,3,0,5,6,1,1
373,0,1,1,0,1,0,3,0,0,0,1,2,1,0,0,0,0,4,0,4,0,0,0,0,2,0,2,1,7,2,1,2,0,0,5,0,4,10,0,3
374,0,0,0,0,0,0,0,0,0,0,0,0,0,0,0,0,0,0,0,2,0,0,0,0,0,0,0,0,2,0,0,0,0,0,0,0,0,0,0,0
375,2,0,0,0,0,0,0,0,0,0,2,0,0,0,0,0,0,0,0,0,0,0,0,0,0,4,0,0,0,0,0,0,0,0,0,0,0,0,0,0
376,3,0,0,1,0,1,0,2,0,1,0,1,1,3,0,0,0,1,0,0,0,0,0,0,0,1,0,0,3,1,0,0,0,0,0,2,1,0,2,0
377,2,0,0,1,0,3,0,0,0,0,0,2,0,0,1,0,1,2,0,0,0,0,0,0,0,2,3,0,11,0,0,5,1,0,0,2,7,0,0,1
378,0,4,0,0,3,1,0,8,0,0,1,1,5,0,0,0,0,0,0,0,0,0,0,3,2,8,1,0,10,24,3,1,1,4,5,6,18,10,0,3
379,6,0,7,0,2,4,5,8,1,0,2,2,4,0,1,1,0,1,0,0,0,0,0,1,1,6,1,0,7,0,0,4,0,2,0,1,6,0,0,4
380,0,0,0,0,0,0,0,0,0,0,2,0,0,0,0,0,0,0,3,0,0,0,0,0,0,16,0,0,2,0,0,0,0,0,0,0,2,0,0,0
381,0,0,0,0,0,0,0,0,0,0,0,0,0,0,0,1,0,0,0,0,0,0,0,0,0,0,0,0,1,0,0,0,0,0,0,0,2,0,1,0
382,0,0,0,0,0,0,0,0,0,0,0,0,0,0,0,0,0,0,2,0,0,2,0,0,0,0,0,0,2,0,0,0,0,0,0,0,0,0,0,0
383,0,0,0,0,1,4,1,0,0,0,1,3,1,0,2,0,1,0,0,0,0,0,1,0,0,3,1,0,9,0,0,0,0,0,2,1,5,0,0,1
384,0,0,0,0,0,0,0,0,0,0,0,0,0,0,0,0,0,0,2,0,2,6,0,0,0,0,0,0,6,0,0,0,0,0,0,0,10,0,0,0
385,0,0,0,0,0,0,0,0,0,0,0,0,0,0,0,0,0,0,2,0,5,1,0,0,1,0,0,1,1,0,0,0,0,0,0,0,4,0,0,1
386,0,0,2,0,0,0,4,0,0,0,0,0,0,0,0,0,2,0,0,0,0,0,0,0,0,6,0,0,4,0,0,10,0,0,0,2,2,0,0,2
387,0,1,0,0,0,1,0,2,0,1,4,1,0,0,0,0,0,0,1,0,0,0,0,0,0,3,0,0,11,5,0,2,1,0,4,2,9,0,0,1
388,2,1,0,0,0,1,0,2,0,0,0,1,0,0,0,0,0,1,1,1,0,0,0,0,0,0,0,0,3,0,0,0,0,0,0,0,5,0,0,2
389,2,0,0,1,0,1,0,3,4,3,3,1,0,0,0,0,0,0,0,0,0,0,2,0,0,1,0,2,4,1,0,1,3,0,0,0,4,0,0,0
390,2,0,0,0,0,0,0,0,0,0,3,0,5,3,0,0,0,0,0,0,0,0,0,0,2,5,0,0,5,1,0,0,1,0,0,0,7,0,1,0
391,9,0,0,0,0,0,0,15,0,0,5,0,0,3,0,0,0,0,0,0,0,0,0,0,1,7,0,4,5,5,4,0,0,1,4,2,8,5,0,0
392,0,0,0,0,0,0,0,0,0,0,2,0,0,0,0,0,0,0,3,0,0,0,0,1,0,0,0,2,5,2,0,0,1,0,1,0,1,1,1,0
393,0,0,0,2,0,0,0,0,0,0,2,0,2,0,0,0,0,0,0,0,0,0,0,0,0,0,0,0,2,0,0,0,0,0,0,0,0,0,0,0
394,0,0,5,0,0,0,8,0,3,1,1,0,11,0,0,3,0,0,0,0,0,0,1,2,0,5,0,0,2,0,0,3,0,0,1,0,6,0,0,5
395,4,1,1,1,1,1,0,3,1,0,4,1,3,0,0,0,0,0,0,0,0,0,0,0,0,0,0,0,4,1,5,3,0,0,4,4,9,0,0,1
396,0,0,0,0,0,5,0,0,2,0,0,0,0,0,0,0,2,0,0,0,0,0,1,0,0,5,0,0,3,0,0,2,0,0,0,0,2,0,0,2
397,1,0,0,0,0,1,0,1,0,0,0,1,0,0,0,0,0,0,0,0,0,0,0,0,3,1,0,0,5,3,1,0,0,0,1,1,4,0,0,0
398,0,0,0,0,0,0,0,4,0,0,0,0,0,0,0,0,0,0,1,0,2,0,0,0,1,5,2,1,2,3,1,0,0,0,0,1,0,0,0,2
399,0,5,0,1,3,0,0,2,1,0,2,1,1,0,0,0,0,0,0,1,1,0,0,3,0,4,3,4,7,18,4,0,0,4,13,1,3,1,0,3
400,0,0,9,0,0,0,0,18,3,0,5,0,0,0,1,0,1,1,0,0,0,0,0,2,0,28,0,0,10,5,2,5,0,0,2,3,10,2,0,9
401,0,0,0,0,0,1,0,1,0,0,2,1,1,0,2,0,0,0,0,0,0,0,0,1,0,2,0,1,3,6,0,0,0,0,2,3,4,0,1,0
402,0,0,0,0,0,0,1,0,0,0,0,0,1,0,2,0,0,0,0,1,0,0,0,0,0,0,0,0,3,0,0,4,0,0,0,0,4,0,0,1
403,0,1,0,2,3,0,0,0,0,1,2,0,2,0,0,0,0,0,0,0,0,0,2,0,0,0,2,0,1,0,0,0,0,2,0,0,1,0,0,0
404,0,1,0,0,0,0,0,0,2,0,2,0,1,0,0,0,0,0,0,0,0,0,1,0,0,1,0,0,1,0,0,0,0,0,3,2,3,0,0,1
405,0,0,1,1,0,0,2,0,0,0,1,0,1,0,0,0,0,2,0,0,0,0,0,1,2,0,0,0,5,0,0,6,0,1,2,0,8,0,1,4
406,6,0,0,2,0,2,0,4,0,0,4,1,0,10,2,0,0,0,0,0,0,0,0,0,2,1,0,0,6,1,1,0,0,0,0,1,6,0,1,0
407,0,0,0,0,0,0,0,0,0,0,0,0,0,0,0,0,0,0,0,0,0,0,0,0,0,0,0,0,0,0,0,0,0,0,0,0,0,0,0,0
408,2,0,0,0,0,9,0,0,0,0,3,0,0,0,2,0,1,0,0,0,0,0,0,0,0,9,0,0,2,0,0,0,2,0,0,0,4,0,0,0
409,0,0,0,0,2,2,1,0,0,0,0,1,2,0,3,2,0,0,0,0,0,0,0,0,0,0,1,0,8,0,0,0,0,0,3,4,6,0,0,1
410,0,2,0,0,1,0,0,2,0,0,1,0,2,0,0,0,0,0,0,1,0,0,0,3,1,3,0,1,3,8,1,0,0,2,2,1,6,0,0,2
411,0,0,0,2,3,1,2,0,0,1,1,0,2,0,1,1,1,1,0,0,0,0,0,0,0,1,0,0,12,0,0,2,1,1,4,0,5,0,0,2
412,0,1,0,0,0,0,0,0,0,0,1,0,0,0,3,0,1,0,0,0,0,0,0,0,0,0,0,0,2,0,0,12,0,1,6,0,3,0,0,1
413,2,0,0,0,0,0,0,0,0,0,0,0,0,0,0,0,1,0,6,0,4,1,0,0,0,0,1,1,1,0,0,0,1,0,0,0,1,0,0,0
414,0,1,0,3,2,0,0,0,0,0,2,0,3,0,0,0,1,0,0,0,0,0,1,0,0,0,0,0,3,0,0,0,0,3,1,0,2,0,1,0
415,0,0,0,0,1,0,0,0,1,0,3,0,1,0,0,0,0,0,0,0,0,0,1,0,0,0,0,0,2,0,0,0,0,2,0,0,1,0,1,0
416,0,0,0,0,0,0,0,0,0,0,2,0,0,0,0,0,0,0,0,0,0,0,0,0,0,6,0,0,0,0,0,0,0,0,0,0,0,0,0,0
417,0,0,0,0,0,0,0,0,0,0,1,0,2,0,1,0,0,0,0,0,0,0,1,0,0,2,0,0,3,0,0,0,0,0,0,0,3,0,0,0
418,0,0,0,0,0,0,0,4,0,0,0,0,0,0,2,0,0,0,0,2,0,0,0,4,0,4,1,0,12,16,2,0,1,1,6,6,11,0,0,0
419,0,0,0,0,1,0,0,0,0,0,0,0,0,0,2,0,0,0,0,0,0,0,0,0,0,0,1,0,4,0,0,0,0,0,1,1,4,0,0,0
420,0,0,0,0,0,0,2,0,9,2,2,0,0,0,0,0,1,0,0,0,0,0,9,0,0,0,1,0,12,0,0,0,2,0,0,0,17,0,2,0
421,0,0,0,0,0,0,0,0,0,0,0,1,0,0,0,0,0,0,2,0,2,2,0,0,2,0,0,1,1,0,0,0,0,0,0,0,2,0,0,1
422,3,6,0,0,1,1,0,5,0,0,3,1,4,2,0,0,0,0,0,0,0,0,0,2,1,2,0,2,6,19,5,0,0,4,10,2,13,0,0,2
423,0,2,0,0,2,0,0,1,0,0,0,0,2,0,0,0,0,0,1,0,0,0,0,0,0,1,1,3,8,10,2,0,0,2,2,2,5,0,0,0
424,3,2,0,2,1,1,0,3,1,0,9,1,6,0,0,0,0,0,0,1,2,4,0,1,1,1,0,8,8,11,1,0,0,6,9,1,14,0,0,1
425,0,0,0,0,0,0,0,0,0,0,2,0,0,0,0,0,0,0,0,0,0,0,0,0,0,6,0,0,0,0,0,0,0,0,0,0,0,0,0,0
426,0,0,1,0,0,0,0,0,0,0,0,0,0,0,0,0,3,0,0,1,0,0,0,0,0,0,0,0,3,0,0,0,1,0,0,0,2,0,0,1
427,0,0,0,2,2,0,0,0,1,1,2,0,1,0,0,0,0,0,0,0,0,0,1,0,0,0,1,0,1,0,0,0,1,0,1,0,3,0,0,0
428,0,1,2,0,0,0,0,0,0,0,0,0,0,0,4,0,3,0,0,0,0,0,0,0,0,0,0,0,1,0,0,11,1,1,2,0,3,0,0,2
429,0,0,0,0,0,0,0,1,0,0,0,0,0,0,0,0,0,0,0,0,0,0,0,0,0,0,0,0,1,0,0,0,1,0,0,0,3,0,0,0
430,0,3,4,3,2,0,6,0,0,0,0,0,6,0,0,0,0,1,0,0,0,0,0,0,0,0,1,0,4,1,2,20,0,2,3,1,22,0,0,7
431,0,0,0,1,0,0,0,0,0,1,0,0,1,0,0,0,0,0,0,2,0,0,10,0,0,0,0,0,9,0,0,1,4,2,0,0,5,0,0,0
432,0,0,0,1,1,0,0,0,2,0,3,0,1,0,0,0,0,0,0,0,0,0,0,1,0,0,0,1,3,2,0,4,0,0,1,3,5,0,0,0
433,0,0,0,0,3,0,0,0,1,0,4,0,2,0,0,0,0,0,0,0,0,0,2,0,0,0,2,0,2,0,0,2,0,2,0,0,1,0,1,0
434,0,0,1,0,0,0,2,0,1,0,0,0,1,0,1,6,0,7,0,9,0,0,0,0,1,0,1,0,14,1,0,0,3,1,0,3,12,0,0,0
435,0,0,0,0,0,0,0,0,0,0,0,0,0,0,0,1,0,0,0,0,0,0,0,0,2,0,0,0,2,0,0,0,0,0,0,0,6,0,2,0
436,0,0,6,0,0,0,1,0,6,1,1,0,12,0,0,1,0,0,0,0,0,0,2,1,0,9,0,0,6,0,0,2,3,0,3,0,9,0,0,1
437,3,0,0,0,0,1,0,3,1,0,1,0,0,0,0,0,0,0,0,1,0,0,0,1,0,2,0,1,9,0,0,0,0,0,1,0,6,4,0,0
438,2,0,0,0,0,1,0,1,0,0,0,1,0,0,0,0,0,0,0,0,0,0,1,0,0,0,0,0,0,0,0,0,1,0,0,0,5,0,1,0
439,0,0,0,0,0,0,0,0,0,0,0,0,0,0,0,0,0,0,5,0,0,1,0,0,0,0,0,0,2,0,0,0,0,0,0,0,5,0,0,2
440,0,0,0,0,0,0,2,0,0,0,0,0,2,0,0,0,0,1,0,0,0,0,0,0,0,0,0,0,3,0,0,0,1,1,0,0,3,0,0,0
441,2,0,1,1,0,2,2,3,1,0,4,1,5,11,2,0,0,1,0,0,0,0,0,0,1,4,0,5,8,1,1,1,1,0,1,0,7,0,0,1
442,3,0,0,0,0,0,0,5,1,8,0,0,0,0,0,0,0,0,0,3,0,0,8,0,0,2,0,1,2,0,0,0,2,1,1,0,7,6,0,0
443,0,4,0,0,2,1,0,0,0,0,0,0,2,0,2,0,0,0,0,0,0,0,0,1,1,2,0,0,0,7,0,0,0,4,1,3,3,0,0,0
444,1,0,0,0,0,0,0,0,0,0,0,0,0,0,0,0,0,0,1,0,2,5,0,0,0,0,2,0,1,0,0,0,0,0,0,0,8,0,2,0
445,2,0,0,0,0,1,0,2,1,0,2,1,0,2,0,0,0,0,0,0,0,0,0,0,0,0,0,0,3,0,0,0,0,0,0,0,2,0,0,0
446,0,0,0,0,0,1,0,4,0,0,0,1,0,0,0,0,0,0,0,0,0,0,0,0,1,4,0,0,3,5,2,0,1,0,1,0,2,0,0,0
447,4,0,0,0,0,4,0,2,9,1,0,0,1,0,1,1,0,0,1,0,0,0,0,0,0,7,0,0,6,0,0,2,0,0,0,8,11,0,0,0
448,0,1,0,0,0,0,0,0,0,0,0,0,0,0,0,0,0,0,9,0,7,3,0,0,0,0,2,2,6,0,0,0,0,0,0,0,11,0,3,0
449,0,0,0,0,0,1,1,0,0,1,0,1,1,0,0,2,0,0,0,0,0,0,0,0,0,0,0,0,5,0,1,0,0,0,0,0,0,0,0,0
450,2,0,0,0,0,2,0,0,1,0,0,1,0,0,0,0,2,0,0,0,0,0,0,0,0,0,0,0,5,0,0,0,0,0,0,0,2,0,0,1
451,0,0,0,0,0,0,0,0,0,0,0,0,0,0,0,0,0,0,0,0,0,0,0,0,2,0,0,0,2,0,0,0,0,0,0,0,0,0,0,0
452,0,0,0,0,0,0,0,0,0,0,0,0,0,0,0,0,0,0,2,0,2,2,0,0,0,0,0,0,2,0,0,0,0,0,0,0,1,0,0,0
453,0,0,0,0,0,1,1,0,0,1,0,1,1,0,0,2,0,0,0,0,0,0,0,0,0,0,0,0,5,0,1,0,0,0,0,0,0,0,0,0
454,0,1,3,0,1,7,11,0,0,0,0,3,11,0,0,0,2,0,0,0,0,0,2,0,0,5,0,0,6,0,0,0,1,1,1,1,4,0,0,8
455,0,0,0,0,0,0,0,0,0,0,0,0,0,0,0,0,0,1,0,0,0,0,0,0,2,0,0,2,1,0,0,0,0,0,0,0,3,0,1,0
456,2,0,0,0,0,8,0,0,0,0,3,0,0,0,2,0,0,0,0,0,0,0,0,0,0,8,0,0,2,0,0,0,2,0,0,0,4,0,0,0
457,0,0,0,0,0,0,0,0,0,0,0,0,0,0,0,0,0,1,5,0,2,4,0,0,0,0,0,0,1,0,0,0,0,0,0,0,4,0,0,0
458,0,0,0,0,0,0,0,0,1,0,0,0,0,0,0,2,0,6,0,1,0,0,1,0,1,0,0,0,3,0,0,0,0,0,0,1,2,0,1,0
459,2,1,1,1,2,0,0,0,0,0,1,1,4,0,2,0,0,0,0,3,0,0,0,0,1,1,0,0,6,2,0,0,0,0,2,1,4,0,1,1
460,0,0,0,0,0,0,0,0,0,0,0,0,0,0,0,0,0,0,4,0,3,0,0,0,0,0,2,0,5,0,0,0,0,0,0,0,3,0,0,0
461,0,1,0,0,1,0,0,0,2,0,0,0,1,0,0,0,0,1,0,5,0,0,0,1,2,0,1,0,10,1,0,0,2,0,1,0,7,7,0,1
462,0,0,0,0,0,0,0,0,0,0,0,0,0,0,0,0,0,0,0,0,0,0,0,0,0,0,0,0,3,0,0,0,0,0,0,0,3,0,0,0
463,3,0,0,2,0,1,0,2,0,0,2,1,0,3,1,0,0,1,0,0,0,0,0,0,0,0,3,0,3,0,4,0,0,0,0,0,3,0,0,0
464,0,0,1,0,0,1,0,9,0,0,2,1,0,0,2,0,0,0,0,0,0,0,0,0,0,18,0,0,2,0,1,10,1,0,0,0,5,0,0,7
465,0,0,0,0,0,0,0,0,0,0,0,0,0,0,0,0,0,0,1,0,1,2,0,0,0,0,0,0,1,0,0,0,0,0,0,0,3,0,0,0
466,0,0,0,2,1,1,1,0,2,1,0,0,11,0,0,2,3,0,0,2,0,0,9,1,0,10,0,0,8,0,1,1,0,3,2,2,15,0,0,4
467,1,0,0,0,0,0,0,0,0,0,0,0,0,0,0,0,0,0,4,0,9,6,0,0,0,0,0,0,3,0,0,1,0,0,0,0,10,0,0,0
468,0,0,0,2,0,0,0,0,0,0,2,0,2,0,0,0,0,0,0,0,0,0,0,0,0,0,0,0,2,0,0,0,0,0,2,0,0,0,0,0
469,1,0,0,0,0,5,1,1,0,1,3,1,0,0,0,1,0,0,0,2,0,0,1,1,0,4,1,0,9,0,0,1,2,1,0,0,9,0,1,0
470,0,0,3,0,0,0,4,0,5,2,0,0,5,0,0,9,1,0,0,0,0,0,1,0,0,1,1,0,2,0,0,1,0,0,0,2,7,0,1,2
471,4,0,0,1,0,2,0,1,0,0,1,1,0,8,2,0,0,0,0,0,0,0,0,1,2,0,0,0,2,3,2,0,1,0,0,0,2,0,0,0
472,2,0,0,1,0,1,0,2,0,0,2,1,0,5,1,0,0,0,0,0,0,0,0,0,1,0,0,0,1,0,0,0,0,0,0,0,1,0,0,0
473,0,0,0,0,0,2,0,0,0,0,0,2,1,0,1,0,0,0,0,0,0,0,0,4,1,2,0,0,2,8,3,0,0,5,2,1,5,0,0,0
474,0,1,0,0,1,2,0,0,0,0,0,0,1,0,0,2,0,0,0,1,0,0,0,0,0,3,1,0,5,0,0,1,1,1,2,0,2,0,0,0
475,0,1,0,0,0,0,0,0,0,0,0,0,1,0,0,2,1,0,1,0,0,0,2,0,0,1,0,0,3,0,0,1,0,0,0,1,3,0,0,0
476,0,0,0,0,0,0,0,0,0,0,0,0,0,0,0,0,0,0,4,0,3,2,0,0,0,0,1,0,1,0,0,0,0,0,0,0,4,0,1,0
477,0,0,0,1,1,0,0,0,0,1,1,0,1,0,4,1,1,0,0,0,0,0,0,0,0,0,0,0,10,0,0,1,1,2,1,1,3,0,0,0
478,2,0,0,0,0,2,0,1,1,0,1,2,0,0,0,0,0,0,0,0,0,0,0,0,0,2,0,1,5,0,0,0,0,0,0,0,2,2,0,0
479,0,0,1,1,3,3,1,0,2,3,1,2,11,0,3,3,5,0,0,2,0,0,12,2,0,9,4,0,24,0,0,0,2,2,4,1,13,0,0,1
480,0,1,0,2,3,0,0,0,1,0,3,0,2,0,0,0,0,0,0,0,0,0,1,0,0,0,0,0,3,0,0,0,0,1,1,0,2,0,0,0
481,0,0,1,0,0,0,4,0,0,0,0,1,4,0,0,0,2,5,0,0,0,0,0,0,0,3,0,1,8,1,0,1,0,0,3,0,8,0,1,2
482,0,0,0,0,0,0,0,0,0,0,0,0,0,0,0,0,0,0,2,0,0,2,0,0,0,0,0,0,2,0,0,0,0,0,0,0,0,0,0,0
483,0,0,0,4,0,0,0,0,0,0,2,0,2,0,0,0,0,0,0,0,0,0,0,0,0,0,0,0,0,0,0,0,0,0,2,0,0,0,2,0
484,1,0,4,0,0,3,8,3,2,0,2,2,2,0,0,0,1,0,0,0,0,0,0,0,0,3,0,0,3,0,2,2,0,0,1,2,2,0,0,2
485,4,0,0,0,0,0,0,0,1,0,0,0,0,0,0,0,0,3,0,0,0,0,0,0,0,0,0,1,2,0,0,4,1,0,1,0,2,0,0,1
486,0,0,0,2,0,0,0,0,0,0,0,0,0,0,0,0,0,0,0,0,0,0,0,0,0,0,0,0,4,0,0,5,0,0,0,0,1,0,0,4
487,0,0,0,0,2,2,0,0,0,0,0,2,1,0,2,0,1,0,0,2,0,0,0,0,0,0,5,0,13,0,0,1,0,2,0,4,5,0,1,0
488,0,0,0,0,0,0,0,0,0,3,0,0,0,0,0,7,0,1,0,0,0,0,4,0,0,0,1,0,5,0,0,0,1,0,0,1,4,0,0,1
489,0,0,2,0,0,0,1,0,3,0,1,0,2,0,0,2,0,0,0,4,0,0,6,1,0,0,0,0,10,0,0,0,0,1,1,0,12,0,0,1
490,0,0,0,0,0,0,0,0,0,0,0,0,0,0,0,0,0,0,0,0,0,0,0,0,0,0,0,0,0,0,0,0,0,0,0,0,0,0,0,0
491,2,1,0,0,2,1,0,9,0,3,6,1,2,0,0,0,0,0,3,0,0,0,4,1,1,10,1,4,5,5,4,0,1,0,5,3,8,8,0,0
492,0,6,1,0,4,0,0,0,0,0,0,0,3,0,1,0,2,0,0,1,0,0,0,3,0,0,0,1,7,16,2,0,0,6,1,2,9,0,1,0
493,0,0,0,0,0,1,0,15,1,0,1,1,0,0,0,0,0,0,0,1,0,0,0,0,1,1,0,0,5,2,7,5,2,0,1,6,10,0,0,1
494,0,0,0,1,0,0,0,0,2,0,0,0,3,0,1,1,1,0,0,0,0,0,1,0,0,2,0,0,1,0,0,1,0,1,0,0,1,0,0,1
495,1,0,2,0,1,1,1,0,0,1,1,1,4,0,5,0,13,0,0,1,0,0,0,4,0,2,1,0,5,0,0,0,0,1,7,1,7,0,0,4
496,0,0,0,0,0,0,0,0,0,0,0,0,0,0,0,0,0,0,7,0,14,2,0,0,0,0,0,0,2,0,0,0,0,0,0,0,7,0,0,0
497,3,0,1,0,0,2,0,0,0,0,1,2,0,0,0,0,4,0,0,0,0,0,0,0,0,3,0,0,7,0,1,0,0,0,0,3,2,0,0,3
498,0,1,0,0,1,0,0,0,0,0,0,0,0,0,0,0,0,0,0,0,0,0,0,2,1,0,0,1,5,3,1,1,0,0,5,0,2,5,0,0
499,0,0,0,2,3,0,0,0,1,0,2,0,2,0,0,0,0,0,0,0,0,0,1,0,0,0,1,0,2,0,0,0,0,2,0,0,3,0,0,0
500,2,0,0,1,0,1,0,1,2,1,1,1,0,6,1,0,0,0,0,0,0,0,0,1,2,0,0,2,10,1,0,0,0,0,0,1,5,0,2,0
501,0,0,0,0,1,0,0,0,1,1,4,0,7,0,0,0,0,0,0,0,0,0,1,0,0,0,0,0,0,0,0,0,0,2,0,0,2,0,2,0
502,0,0,0,0,0,0,0,0,0,0,1,0,0,0,1,0,1,0,0,0,0,0,0,0,0,0,0,0,5,0,0,0,1,0,0,2,5,0,0,0
503,0,0,0,0,0,0,0,0,0,0,0,0,0,0,2,0,0,0,0,0,0,0,0,2,0,0,1,0,4,0,0,0,3,1,3,0,4,0,0,0
504,4,0,0,1,0,2,0,1,0,0,1,1,0,8,2,0,0,0,0,0,0,0,0,1,2,0,0,0,2,3,2,0,1,0,0,0,2,0,0,0
505,0,0,0,0,0,0,0,0,1,0,0,0,0,0,0,0,0,0,0,0,0,0,0,0,0,0,0,0,2,0,0,0,1,0,0,0,2,0,1,0
506,0,0,0,0,0,0,0,0,0,0,0,0,0,0,0,0,0,0,5,0,1,3,0,0,0,0,1,0,1,0,0,0,0,0,0,0,1,0,0,0
507,0,0,0,0,0,0,0,0,0,0,0,0,0,0,2,0,0,0,0,1,0,0,0,0,0,0,1,0,2,0,0,0,0,0,1,0,2,0,0,2
508,1,0,1,0,0,2,1,0,0,0,1,1,2,0,0,1,3,0,0,0,0,0,1,0,0,3,0,0,3,0,0,0,0,0,0,0,3,0,0,0
509,0,0,0,0,0,0,0,0,2,1,8,0,0,0,1,0,0,0,0,0,0,0,2,0,0,0,1,0,8,0,0,1,0,0,0,3,6,0,0,0
510,0,0,0,0,0,0,0,0,0,0,0,1,0,0,0,0,0,0,4,0,3,3,0,0,0,0,1,0,0,0,0,0,0,0,0,0,2,0,0,0
511,0,0,1,1,1,0,0,2,0,0,2,0,5,0,0,0,0,0,1,1,0,1,0,4,1,2,0,1,15,10,0,1,1,0,7,3,15,8,5,0
512,0,0,0,0,0,0,0,0,1,0,0,0,0,0,0,0,0,3,0,0,0,0,0,0,6,0,1,0,5,0,0,0,0,0,0,0,0,0,0,0
513,0,0,0,2,0,0,0,0,0,0,2,0,2,0,0,0,0,0,0,0,0,0,0,0,0,0,0,0,2,0,0,0,0,0,0,0,0,0,0,0
514,2,0,0,0,1,1,0,0,1,0,2,1,2,0,0,0,0,0,0,0,0,0,0,0,0,0,0,0,2,0,0,0,0,0,1,0,2,0,0,0
515,0,0,0,0,0,2,0,0,0,0,2,0,0,0,0,0,0,0,0,0,0,0,0,0,0,6,0,0,0,0,0,0,0,0,0,0,0,0,0,0
516,0,0,2,1,0,1,0,0,2,0,1,1,0,0,0,0,0,0,0,8,0,0,0,1,0,1,0,1,12,0,1,3,2,0,0,0,12,0,0,2
517,0,0,0,0,0,2,0,0,0,0,0,2,1,0,1,0,0,0,0,0,0,0,0,4,1,2,0,0,2,8,3,0,0,5,2,1,5,0,0,0
518,1,0,0,0,0,0,0,0,0,0,2,0,0,0,0,0,0,0,0,0,3,2,0,0,2,0,0,0,4,0,0,0,0,0,0,1,2,0,1,0
519,1,0,0,0,0,1,0,1,0,0,2,1,0,9,2,0,0,0,0,0,0,0,0,0,2,0,0,0,6,3,1,0,0,0,0,0,4,0,0,0
520,0,0,0,1,0,0,0,0,0,0,0,0,0,0,0,0,0,0,0,5,0,0,0,0,0,1,5,0,9,0,0,3,1,1,0,0,10,0,3,3
521,0,0,0,0,0,0,0,0,1,3,0,0,0,0,0,1,4,0,0,0,0,0,1,0,0,1,0,0,4,0,0,0,3,0,0,0,2,0,0,0
522,5,0,0,0,0,1,0,4,2,0,2,1,0,0,0,0,0,2,0,0,0,0,0,1,0,0,0,1,4,1,4,0,0,0,1,0,2,0,0,0
523,0,0,0,2,0,0,0,0,0,0,2,0,2,0,0,0,0,0,0,0,0,0,0,0,0,0,0,0,2,0,0,0,0,0,2,0,0,0,0,0
524,0,0,0,0,0,0,0,0,0,0,0,0,0,0,0,0,0,1,0,0,0,0,0,0,2,0,0,0,3,0,0,0,1,0,0,0,6,0,1,0
525,0,0,0,2,3,0,0,0,2,2,0,0,5,0,0,0,0,0,0,0,0,0,2,0,0,0,0,0,4,0,0,0,1,1,2,0,5,0,0,0
526,1,0,1,1,0,0,1,0,2,0,0,0,3,0,2,4,2,4,0,5,0,0,0,0,3,3,2,0,7,0,0,1,0,0,1,0,6,0,0,3
527,0,1,0,1,2,0,0,1,0,0,2,0,2,0,0,0,0,0,0,1,0,0,0,2,0,1,1,11,2,11,4,0,0,8,2,0,4,1,0,2
528,0,1,2,0,0,2,0,0,0,0,0,0,4,0,0,0,3,0,0,0,0,0,1,0,0,8,0,0,3,0,0,1,0,0,1,0,5,0,0,0
529,0,0,0,0,0,0,0,0,0,0,2,0,2,0,0,0,0,0,0,0,0,0,0,0,0,0,0,0,2,0,0,0,0,0,2,0,0,0,2,0
530,0,1,0,1,2,0,0,0,0,0,0,1,3,2,5,0,0,0,0,0,0,0,0,5,4,0,0,0,6,3,0,0,0,4,0,0,5,0,2,1
531,0,0,0,2,0,0,0,0,0,2,2,0,2,0,0,0,0,0,0,0,0,0,0,0,0,0,0,0,2,0,0,0,0,0,0,0,0,0,0,0
532,0,0,0,0,0,0,0,0,0,0,0,0,0,0,0,0,0,0,4,0,3,0,0,0,0,0,2,0,4,0,0,0,0,0,0,0,2,0,0,0
533,0,0,0,4,0,0,0,0,0,0,2,0,2,0,0,0,0,0,0,0,0,0,0,0,0,0,0,0,0,0,0,0,0,0,0,0,0,0,2,0
534,0,0,0,0,0,0,0,1,0,0,0,0,0,0,0,0,0,0,0,0,0,0,0,0,0,1,0,0,5,0,0,0,0,0,0,0,2,0,0,0
535,0,0,0,0,0,0,0,0,0,0,2,0,0,0,0,0,0,0,0,0,0,0,0,0,0,6,0,0,0,0,0,0,0,0,0,0,0,0,0,0
536,0,0,0,0,0,0,0,0,2,4,0,0,0,0,1,4,1,1,0,1,0,0,18,0,0,0,2,0,4,0,0,0,4,0,0,0,3,0,0,0
537,0,0,1,0,0,0,0,0,0,1,1,0,1,0,0,1,0,0,0,0,0,0,0,0,0,1,0,0,4,0,0,0,0,0,0,0,2,0,0,0
538,2,3,2,0,2,1,0,8,0,0,0,1,2,0,0,0,0,0,0,0,0,0,0,1,1,7,0,1,14,9,8,5,0,1,5,5,3,0,0,3
539,0,0,0,0,0,0,0,0,0,0,0,0,0,0,0,0,0,1,0,0,0,0,0,0,1,0,0,0,4,0,0,0,0,0,0,0,3,0,0,0
540,0,0,0,0,0,0,0,0,2,0,0,0,0,0,0,0,0,0,0,2,0,0,0,0,1,0,0,0,4,0,0,0,0,0,0,0,8,0,0,0
541,0,0,1,0,0,2,0,0,0,0,2,0,0,0,2,0,0,0,0,0,0,0,0,0,0,1,0,0,2,0,3,1,0,0,1,1,1,0,0,1
542,1,1,1,2,1,0,0,0,0,0,0,0,6,0,0,0,0,0,0,2,0,0,0,0,0,0,0,0,9,0,0,0,0,1,3,0,3,0,0,0
543,0,0,2,0,0,0,0,0,2,0,0,0,11,0,0,0,2,0,0,0,0,0,1,0,0,12,12,0,1,0,0,6,0,0,1,0,12,0,0,9
544,0,0,0,0,0,0,0,0,1,0,1,0,4,0,0,0,0,1,3,3,0,0,0,3,0,0,0,0,2,2,0,0,0,1,3,1,6,1,0,1
545,0,1,0,0,0,1,1,0,0,0,0,0,0,0,0,5,2,0,0,0,0,0,4,0,0,1,0,0,2,0,0,2,0,1,0,0,5,0,0,0
546,0,0,0,0,0,0,0,0,4,0,0,0,0,0,0,2,0,0,0,0,0,0,3,0,0,0,0,0,4,1,0,4,2,0,0,0,4,0,0,0
547,0,0,0,0,0,0,0,0,0,0,0,0,2,0,0,0,0,0,2,0,1,2,0,0,2,2,0,0,2,0,0,0,0,0,0,0,1,0,0,1
548,0,0,0,0,0,0,0,0,0,0,0,0,0,0,0,0,0,0,6,0,0,0,0,0,0,0,0,0,1,0,0,0,0,0,0,0,6,0,0,0
549,0,0,0,1,3,0,0,0,2,0,5,0,2,0,0,0,0,0,0,0,0,0,0,0,0,0,0,0,1,0,0,0,0,2,1,0,1,0,1,0
550,1,0,0,0,0,0,0,0,4,1,0,0,0,0,0,0,1,0,0,1,0,0,1,0,0,0,0,0,4,0,0,0,0,0,0,0,3,0,0,0
551,3,0,0,0,1,6,0,5,0,0,2,0,0,0,1,0,0,0,0,0,0,0,0,1,0,13,0,0,10,0,0,3,1,0,2,0,9,0,0,2
552,0,0,0,0,0,0,0,0,0,0,0,0,0,0,0,2,2,0,0,0,0,0,0,0,0,0,0,0,2,0,0,0,0,0,0,0,0,0,0,0
553,10,0,0,0,0,0,0,0,1,1,2,0,0,0,0,0,0,3,2,0,0,0,0,1,0,2,0,0,4,0,0,0,1,2,0,0,6,0,0,9
554,0,0,0,0,1,0,3,0,1,3,0,0,7,0,1,0,0,0,1,11,0,0,8,3,0,3,1,0,7,0,0,7,0,0,4,0,10,0,0,8
555,0,0,0,2,0,0,0,0,0,0,2,0,2,0,0,0,0,0,0,0,0,0,0,0,0,0,0,0,0,0,0,0,0,0,2,0,0,0,2,0
556,2,0,1,1,0,2,2,3,1,0,4,1,5,11,2,0,0,1,0,0,0,0,0,0,1,4,0,5,8,1,1,1,1,0,1,0,7,0,0,1
557,0,0,0,0,0,0,0,0,0,0,0,0,2,0,0,0,0,0,0,0,0,0,1,0,0,2,0,0,2,0,0,2,1,0,0,0,3,0,0,1
558,1,0,0,1,0,1,0,0,0,2,0,0,0,0,0,0,1,0,1,0,0,0,5,0,0,1,0,0,3,0,0,3,0,0,0,2,2,0,0,0
559,0,0,0,0,0,0,0,0,0,0,0,0,0,0,0,3,2,0,2,0,0,0,1,0,0,1,0,0,1,0,0,0,0,0,0,0,1,0,0,2
560,0,0,0,0,0,0,0,0,2,1,0,0,1,0,0,0,0,0,0,0,0,0,2,0,0,1,2,0,2,0,0,0,0,0,0,1,2,0,0,0
561,0,0,0,0,0,0,0,0,0,0,0,0,0,0,0,0,0,0,0,0,0,0,0,0,0,0,0,0,0,0,0,0,0,0,0,0,0,0,0,0
562,0,1,0,0,0,1,0,2,0,0,3,1,1,0,0,0,0,1,0,0,0,0,0,5,0,3,1,0,9,7,2,0,0,2,4,3,14,0,0,0
563,0,0,0,2,1,0,0,0,0,2,3,0,4,0,0,0,0,0,0,0,0,0,1,0,0,0,0,0,1,0,0,0,0,2,1,0,1,0,1,0
564,1,0,0,0,0,1,0,1,0,0,3,1,0,4,2,0,0,0,0,0,0,0,0,0,0,0,0,1,4,1,1,0,0,0,0,0,6,0,1,0
565,15,0,0,0,0,1,0,25,0,0,4,1,24,0,1,0,0,0,0,0,0,0,3,0,0,0,0,0,9,0,0,0,1,3,0,0,2,0,0,0
566,0,0,2,0,0,2,2,0,0,0,1,0,0,0,0,0,1,0,0,0,0,0,0,0,0,2,0,0,2,0,1,2,0,0,0,2,1,0,0,0
567,0,1,1,3,1,1,0,1,0,0,1,1,3,0,5,3,1,2,0,9,0,0,0,0,0,2,1,0,22,0,3,8,3,5,5,5,17,0,1,3
568,0,0,0,0,0,0,1,0,0,0,1,0,1,0,0,0,0,0,0,0,0,0,0,0,0,1,0,0,5,0,0,1,0,1,4,0,5,0,0,2
569,0,0,0,1,1,0,0,0,1,1,2,0,2,0,0,0,0,0,0,0,0,0,2,0,0,0,0,0,1,0,0,0,1,1,0,0,1,0,0,0
570,0,0,0,0,0,0,0,0,0,0,0,0,0,0,0,0,0,0,1,0,3,4,0,0,0,0,0,0,5,0,0,0,0,0,0,0,4,0,0,0
571,3,0,3,0,0,7,8,0,5,0,2,2,2,0,0,0,2,0,0,0,0,0,2,0,0,4,0,0,4,0,1,1,0,0,1,4,6,0,0,4
572,0,0,2,0,0,1,0,13,0,0,5,1,0,0,2,0,0,0,0,0,0,0,0,0,0,28,0,0,3,0,1,15,2,0,0,1,9,0,0,12
573,2,0,0,0,0,1,0,1,2,0,2,1,0,0,0,0,0,0,0,0,0,0,1,0,0,0,0,0,4,0,0,0,0,0,0,0,4,0,1,0
574,0,0,2,0,0,3,0,0,1,0,0,0,0,0,0,0,2,0,0,0,0,0,1,0,0,3,0,0,2,0,0,2,0,0,0,1,3,0,0,2
575,0,1,4,0,2,1,2,0,0,0,3,1,3,0,0,4,2,0,0,1,0,0,2,3,0,5,0,0,7,3,0,2,0,3,6,3,4,0,0,3
576,0,0,0,0,0,0,0,0,0,0,0,1,0,1,3,0,0,0,0,0,0,0,0,0,2,0,0,0,6,0,0,0,2,0,0,0,4,0,0,0
577,0,1,0,0,0,0,0,0,0,0,0,0,0,0,0,0,0,1,0,0,0,0,0,0,0,0,4,0,2,0,0,5,1,0,0,0,5,0,0,0
